710400 0.385895
684437 0.443156
715998 0.392122
671284 0.297377
711247 0.444897
702660 0.502658
677476 0.440932
693761 0.428846
712598 0.698151
707508 0.485378
703176 0.679558
705128 0.558832
674221 0.307262
708603 0.407009
715080 0.526724
707966 0.360457
706258 0.442919
691022 0.741696
709558 0.351465
702908 0.474121
692375 0.415712
721681 0.306761
716214 0.369005
713753 0.437654
660023 0.327786
675241 0.331646
718492 0.361084
680516 0.272459
670073 0.344663
682827 0.43869
715358 0.392452
718986 0.409453
677742 0.539955
712792 0.486249
714310 0.692112
713584 0.457858
677292 0.474709
700159 0.549629
673323 0.728616
706419 0.389663
709790 0.50518
705418 0.788986
717607 0.446242
713445 0.382132
678643 0.52506
660905 0.303581
651228 0.278711
705791 0.372006
709865 0.423948
701370 0.526494
673544 0.417741
672018 0.563216
712425 1.15275
717328 0.971072
680382 0.316659
718482 0.509898
689992 0.494235
686642 0.415269
693273 0.459983
674718 0.326444
714649 0.387668
713800 0.448144
713020 0.439872
716781 0.282565
686033 0.370175
675488 0.447923
704694 0.487224
674630 0.437076
678022 0.412165
709163 0.43895
698724 0.395546
714054 0.399995
712492 0.624519
711602 0.269195
663931 0.381722
672224 0.421888
697935 0.355419
721646 0.334211
711792 0.292911
712245 0.481833
699898 0.320876
712058 0.467843
710215 0.682998
715367 0.40177
674716 0.396329
718578 0.400331
707217 1.58455
709440 0.338019
668446 0.393517
687004 0.55706
705656 0.289001
667068 0.41369
708797 0.675935
695905 0.373337
676078 0.573204
712173 0.556815
695877 0.392061
674908 0.362427
701974 0.469444
690720 0.434978
668579 0.346444
652752 0.38674
702620 0.345934
712245 0.572489
704079 0.412757
679558 0.450306
657514 0.444476
674711 0.364921
713701 0.510466
675586 0.440055
666396 0.359268
711596 0.370491
676952 0.520844
706788 0.325541
714982 0.525111
686030 0.496908
715953 0.501672
702340 0.327684
715783 0.353041
703999 0.421147
712481 0.4975
689062 0.531093
659514 0.306703
716000 0.667702
692870 0.291994
679738 0.31661
707744 0.571391
692706 0.454425
715321 0.4505
723833 0.546931
714989 0.635579
675638 0.368722
688763 0.347897
711784 0.448681
685711 0.334834
690450 0.609922
672588 0.587416
714928 0.453018
710804 0.374134
669669 0.561956
673941 0.59103
694374 0.456226
694900 0.409895
697854 0.375731
663325 0.40226
671982 0.568198
706948 0.365397
680538 0.375837
671116 0.364382
704611 0.552063
709096 0.456852
705824 0.294954
674978 0.410463
719754 0.446825
712635 0.433836
681698 0.878084
723426 0.950232
714327 0.425276
686201 0.699995
715354 0.478844
673956 0.405646
714584 0.926788
713645 0.38158
711256 0.376439
713710 2.92828
713122 0.336179
709380 0.599095
654258 0.366907
666533 0.520853
665723 0.465777
721670 0.35508
677348 0.377366
687010 0.344196
705680 0.757009
674763 0.385275
673278 0.355591
688357 0.505276
669606 0.761236
678732 0.402929
668344 0.408279
676282 0.438138
687997 0.419126
679551 0.309405
708797 0.367525
714658 0.317961
714556 0.320213
682199 0.547546
705283 0.54521
713629 0.851976
716693 0.469976
715606 0.432459
706155 0.64183
694549 0.35043
667893 0.526013
673162 0.371817
688866 0.907837
675535 0.462681
695711 0.498432
717297 0.350494
693595 0.327022
705558 0.481609
684838 0.50457
671720 0.712919
716784 0.516258
670609 0.472922
709940 0.443966
724834 0.539426
706666 0.50879
689756 0.342511
713900 0.386654
693077 0.685955
673830 0.518762
662296 0.465535
674835 0.445086
691460 0.395298
676168 0.453213
707760 0.420803
687880 0.479023
718419 0.595132
701360 0.440854
709474 0.35822
678459 0.610102
700534 0.333817
722326 0.418194
674838 0.27136
725235 0.292803
725340 0.626257
680155 0.37625
701120 0.365836
719094 0.520162
702352 0.377229
676800 0.292566
666600 0.403789
705399 0.42705
685380 0.828082
720034 0.484045
689687 0.396922
667725 0.303483
676324 0.286784
714439 0.376603
679478 0.414059
693222 0.428788
671958 0.530978
712899 0.348194
681348 0.333263
715815 0.322583
726148 0.319107
673682 0.318403
715626 0.362175
680820 0.581436
677910 0.390265
683767 0.379957
681431 0.31914
688221 0.641902
680199 0.380542
679612 0.472549
684042 0.422233
676688 0.514942
664862 0.476429
698148 0.357161
696008 0.474581
716378 0.441586
705803 0.46444
709163 0.405898
667525 0.432423
690252 0.538255
722995 0.567377
676658 0.276986
705134 0.396711
704111 0.765025
686457 0.489133
710038 0.640388
710068 1.09383
691609 0.484154
714135 0.378774
708650 0.49098
715446 0.305198
707392 0.528779
673339 0.475521
671234 0.337697
721173 0.761579
692696 0.394483
667102 0.2967
720064 0.353869
706711 0.363529
694155 0.311815
712304 0.332619
697400 0.427038
667130 0.393463
715967 0.510693
710113 0.582043
704972 0.503333
682866 0.327424
703924 0.389646
713158 0.325161
718685 0.484538
717901 0.524369
699190 0.409166
713372 0.303053
676162 0.359387
705390 0.434589
713629 0.63785
671674 0.434786
684822 0.353772
714562 0.614838
677756 0.686901
712497 0.492489
685979 0.331527
688602 0.364009
710546 0.379597
706575 0.440664
697753 0.313008
709994 0.707581
665152 0.480759
671608 0.358038
714103 0.550848
705409 0.380767
704625 0.449027
691292 0.338404
711230 0.310733
666920 0.413193
699809 0.359322
720388 0.463204
683128 0.467338
695459 0.348245
679448 0.270385
667254 0.405433
703549 0.324932
681697 0.45649
705358 0.37323
706797 0.3859
682518 0.556477
709384 0.418856
709830 0.363819
681548 0.332643
699254 0.462585
702634 0.406009
669702 0.291947
715690 0.478398
720505 1.34863
726761 0.532183
705870 0.37397
674109 0.509163
669207 0.360963
678696 0.349719
702958 0.33631
697832 0.33888
675966 0.538366
675257 0.305755
681492 0.373697
699738 0.394259
713384 0.375842
665046 0.679375
667524 0.495055
694752 0.436809
717229 0.356332
668622 0.36837
680720 0.365827
695040 0.475878
679336 0.62227
712273 0.326682
669709 0.270019
678720 0.311729
705397 0.659678
694321 0.317778
664780 0.306285
686250 0.505519
704503 0.372433
716494 0.84684
691801 0.508546
718658 0.302742
692288 0.444975
692976 0.29268
691612 0.29023
665732 0.389861
718070 0.311511
677624 0.376559
669648 0.334924
692536 0.453568
717278 0.491684
707483 0.703804
717300 0.764984
711384 0.457857
680517 0.354748
695326 0.407428
707037 0.396835
668966 0.342512
670978 0.345857
716616 0.664959
707394 0.303972
656537 0.331802
712582 0.479321
716370 0.486108
673118 0.29796
686679 0.462191
667399 0.326686
682532 0.428796
710202 0.388781
673885 0.979548
715619 0.431408
674382 0.481599
661874 0.548927
697088 0.448583
682673 0.38666
705624 0.56355
700593 0.523159
689692 0.424088
716040 0.38324
712894 0.379601
710323 0.444115
697386 0.308012
703496 0.368309
707422 0.39118
703682 0.309466
703675 0.346752
721962 0.716508
683620 0.568183
707284 0.670497
710990 0.277105
694346 0.428863
704198 0.41417
686962 0.449803
706932 0.523135
681945 0.450487
681763 0.625063
721550 0.511815
710031 0.433055
675460 0.670002
718083 0.422703
705950 0.340883
680032 0.437954
711792 0.54738
710325 0.612231
684754 0.419254
666391 0.635502
661463 0.47821
710866 0.405053
680157 0.537595
666127 0.458681
685608 0.682474
676809 0.320074
704751 0.449402
672432 0.806007
706766 0.276271
708101 0.282774
678304 0.397031
707175 0.495958
672970 0.334001
699589 0.458374
692002 0.341377
658077 0.383225
679704 0.429327
690270 0.330926
699195 0.420827
715390 0.322558
658597 0.411633
704478 0.330971
673748 0.390066
726768 0.351688
716944 0.577292
694503 0.420338
710906 0.302554
690394 0.393043
685477 0.569437
679212 0.36291
712416 0.382962
719226 0.376339
670497 0.341178
706816 0.47426
682855 0.369046
678164 0.382927
675112 0.357858
685468 0.465422
681639 0.479524
680678 0.368367
717782 0.370901
717048 0.446966
663971 0.461741
699946 0.336802
656318 0.617962
712479 0.47266
683186 0.479806
704960 0.410295
712042 0.26906
712806 0.338643
708746 0.443304
724888 0.589373
690720 0.585907
706020 0.428746
706832 0.377584
694270 0.482464
693662 0.508871
710136 0.419108
698990 0.368609
679910 0.351133
666629 0.298348
718648 0.377253
683611 0.320033
720594 0.453084
684269 0.373012
