711076 0.154485
708678 0.140557
714872 0.296299
703510 0.259909
713974 0.17494
702660 0.137323
743234 0.220979
709196 0.091018
713361 0.768361
712287 0.154851
715778 0.198598
705128 0.303511
697582 0.151019
712495 0.219866
703588 0.243255
735219 0.135732
694909 0.184359
710689 0.348436
709558 0.095565
711672 0.232719
710717 0.179063
707576 0.19871
716214 0.137395
713758 0.308326
712920 0.159638
712282 0.188595
718492 0.084257
727279 0.12972
716418 0.172406
716301 0.151372
717442 0.199003
719871 0.128324
715082 0.347559
704422 0.282607
705974 0.465233
718121 0.156923
707439 0.191864
710126 0.142589
718422 0.256386
714990 0.112872
709790 0.113543
705418 0.508299
703999 0.361658
713799 0.156806
715402 0.27002
709412 0.170511
706022 0.0949
705791 0.122887
709865 0.172658
706788 0.227092
711716 0.102898
706898 0.306168
719366 0.409226
717328 0.496621
709146 0.076269
700474 0.181697
700990 0.277565
713900 0.146432
693273 0.115105
715832 0.125415
687500 0.141776
721219 0.31371
723776 0.124531
722862 0.082381
717505 0.089678
710952 0.199429
704694 0.225186
711480 0.142671
716515 0.090691
709160 0.192382
698777 0.157117
714156 0.257854
712492 0.311652
711244 0.140701
720072 0.142908
717834 0.198694
705206 0.290397
701774 0.177653
725482 0.080946
712245 0.241174
717124 0.227685
722937 0.288312
710215 0.680523
715922 0.191202
706472 0.194234
718042 0.139645
710136 1.34691
710328 0.21106
716404 0.137044
722542 0.227585
705114 0.101874
721863 0.179295
708134 0.266345
712698 0.093511
712772 0.257224
711676 0.350136
710456 0.100066
711660 0.137001
713988 0.485813
711177 0.095348
712348 0.140563
699388 0.111809
702819 0.11711
712189 0.074992
685694 0.261891
703719 0.216702
706380 0.279209
709068 0.131403
718786 0.343278
716875 0.10543
713319 0.378796
709919 0.141932
715542 0.277255
706788 0.078038
715017 0.342188
703692 0.162209
716851 0.145935
700187 0.154809
700436 0.198292
703999 0.112025
715846 0.147079
712941 0.181759
712056 0.102226
701132 0.406964
706830 0.141025
722990 0.080227
707147 0.111734
719201 0.16774
716541 0.129715
707114 0.180904
716863 0.124862
703050 0.102087
706939 0.109678
711230 0.211888
693278 0.208199
718062 0.267258
724929 0.297025
717440 0.164143
715788 0.15005
703414 0.334195
696953 0.103029
694374 0.259409
697398 0.260938
710169 0.087697
706214 0.182469
715276 0.162838
712017 0.149166
711137 0.10829
723648 0.147162
711529 0.148673
709096 0.276351
698058 0.20112
688562 0.180425
715846 0.170683
717188 0.127153
716156 0.817286
709734 0.891553
714327 0.237709
704744 0.444019
715138 0.166092
710684 0.131503
708052 0.514585
713645 0.225934
705968 0.150173
713710 2.4531
711417 0.130116
717689 0.285403
709947 0.1976
688259 0.259922
716614 0.410524
710194 0.15129
708489 0.293195
720078 0.084791
704753 0.627806
707077 0.215855
709861 0.12676
691882 0.272541
715127 0.523064
711090 0.281586
718629 0.161613
709343 0.14788
718690 0.21749
714432 0.122408
713081 0.241866
699606 0.180258
710794 0.126503
703384 0.180655
707336 0.578497
713629 0.28307
716693 0.220666
715292 0.224824
705280 0.221149
698833 0.172419
707182 0.199812
704947 0.156764
708167 0.897818
711837 0.202309
695711 0.301452
716818 0.11905
711797 0.087623
705936 0.249017
718970 0.216622
723461 0.353233
699370 0.377693
714868 0.120089
700357 0.180907
709776 0.232384
718713 0.329901
694390 0.141248
713900 0.11578
710804 0.209436
715148 0.236887
720284 0.200537
707908 0.139581
714224 0.179802
719572 0.126925
707760 0.24012
687880 0.35093
707378 0.203504
701334 0.189608
712324 0.146629
705894 0.402915
717451 0.223854
720176 0.146527
699519 0.071389
725235 0.102571
725340 0.188818
714490 0.194136
722620 0.094529
693849 0.277827
702802 0.091034
719549 0.135685
710827 0.148451
711515 0.285945
708015 0.683083
697484 0.109025
709884 0.107122
717533 0.104452
713377 0.114246
714320 0.16727
714378 0.208202
713146 0.152462
712884 0.300144
712899 0.223462
713540 0.169239
709310 0.129492
726178 0.096025
706762 0.130502
714618 0.1329
704788 0.224572
712854 0.090082
683767 0.30751
711541 0.162248
709462 0.589335
707098 0.118159
707500 0.228419
708384 0.163325
714117 0.246571
702751 0.143907
695334 0.259795
713326 0.263169
710666 0.6039
707368 0.206691
709163 0.120748
711135 0.163846
710890 0.173978
713305 0.127103
709128 0.096668
705134 0.201917
704111 0.105256
710106 0.101496
718034 0.215067
710068 0.84226
713022 0.162421
715046 0.134869
708650 0.281346
707070 0.124697
706800 0.186924
706230 0.169162
709648 0.165695
721173 0.667858
701657 0.145313
707410 0.122739
701813 0.118453
706711 0.360551
712819 0.202037
712304 0.088968
722810 0.25995
698647 0.225651
719890 0.436685
710332 0.166514
705586 0.081074
710211 0.24142
703924 0.106061
706137 0.149373
706055 0.202463
717278 0.113834
713710 0.163007
713419 0.188
698605 0.110078
705390 0.126961
720634 0.449582
699216 0.257022
708846 0.12252
714562 0.425109
699858 0.251426
711809 0.327731
705290 0.073714
684231 0.075002
710546 0.12397
718627 0.173746
697753 0.088506
709994 0.522533
701190 0.163234
708150 0.212901
703168 0.35602
704042 0.100327
708914 0.108709
717892 0.267138
711956 0.152017
705408 0.164817
699590 0.136749
718755 0.10952
712950 0.430541
718090 0.136651
709996 0.075163
714564 0.129026
707100 0.1948
698311 0.148241
715874 0.258095
707528 0.514221
711314 0.316685
710104 0.268364
709972 0.148597
720363 0.085736
700144 0.127779
699319 0.154831
693831 0.107289
721121 0.203239
709875 1.13116
722460 0.264533
705870 0.245375
710243 0.393897
715498 0.177687
711524 0.092917
703084 0.105576
708629 0.126184
720197 0.752052
711270 0.094355
715923 0.209073
699738 0.129839
718786 0.115508
711989 0.413922
700432 0.359421
706965 0.157454
710246 0.422895
699333 0.143263
711662 0.073018
717010 0.216413
712245 0.363196
713554 0.107959
706125 0.083139
701850 0.205743
703302 0.263247
708862 0.105461
709132 0.125133
712665 0.256998
707794 0.233729
712537 0.556931
712019 0.244939
714612 0.077361
721635 0.189824
711655 0.198561
716312 0.117052
716264 0.192233
718825 0.116703
718946 0.137786
703756 0.286143
692536 0.283988
726848 0.251414
717350 0.136436
712052 0.621684
719647 0.388099
711601 0.257988
695214 0.154432
712238 0.122358
702037 0.115165
718258 0.081504
710068 0.370291
695222 0.349652
703421 0.078955
712582 0.354519
717612 0.140895
710958 0.177249
721444 0.255487
714830 0.093938
717101 0.149652
710202 0.141778
710507 0.542543
718204 0.16604
713029 0.203283
712456 0.185125
704498 0.165653
715015 0.208348
705624 0.339574
704401 0.121464
707962 0.159433
696428 0.32574
712278 0.226013
710323 0.156316
697386 0.07697
703496 0.180601
709613 0.194526
719036 0.131543
688608 0.29062
722598 0.272093
697401 0.321585
707284 0.23677
711084 0.098457
718560 0.325681
716922 0.132144
718228 0.198358
708328 0.482346
707761 0.145589
716334 0.18398
721544 0.093466
705708 0.220936
711406 0.433694
712119 0.462133
706436 0.100911
719493 0.190712
719537 0.204896
710325 0.191328
700159 0.201472
717804 0.283272
709751 0.351222
710670 0.246713
701379 0.207847
719490 0.101945
718714 0.308464
687402 0.180835
704751 0.136129
718669 0.484962
706766 0.082698
708209 0.200251
703635 0.262446
707175 0.2031
704235 0.17115
682728 0.272298
689622 0.152186
714802 0.291265
697597 0.335224
703549 0.152153
699221 0.174489
706293 0.135428
721665 0.143171
708314 0.124833
717864 0.229495
726316 0.11156
717502 0.326038
699398 0.239458
710411 0.119612
716287 0.167768
713830 0.273152
709819 0.117019
707786 0.208817
715244 0.205896
709954 0.08415
706816 0.119441
710356 0.102608
707476 0.130693
705126 0.116607
702076 0.225727
713748 0.281261
712346 0.104264
708381 0.23206
707838 0.148368
722395 0.228388
699946 0.266517
719308 0.36719
712479 0.270177
694158 0.467603
709518 0.193284
699795 0.192496
724754 0.101786
708746 0.258025
726120 0.41246
711289 0.397645
699438 0.11707
717680 0.182611
708696 0.189603
723858 0.347105
708741 0.19467
698990 0.196133
709441 0.089404
711671 0.184969
706704 0.141131
683611 0.130937
709135 0.178276
717706 0.210987
