682458 0.289955
703896 0.08165
711727 0.137023
701783 0.086176
708223 0.202615
708696 0.128299
706295 0.180677
708566 0.214655
720160 0.081678
716368 0.175503
719119 0.069115
686376 0.185664
711344 0.267279
713351 0.106309
716798 0.145044
717348 0.090557
707912 0.171043
711028 0.173054
701722 0.17963
709790 0.283188
716146 0.106486
693550 0.239327
702625 0.246146
697415 0.211702
706842 0.287526
709401 0.241578
707469 0.225221
715155 0.099424
711356 0.159327
716166 0.193531
712164 0.127413
710118 0.195156
695497 0.237887
710659 0.072356
716429 0.260634
686936 0.172262
716068 0.095656
696740 0.211003
712840 0.118657
702964 0.401856
709810 0.255189
682467 0.093976
720358 0.149141
695497 0.18483
697400 0.223973
693318 0.217822
718316 0.524007
700219 0.105684
711940 0.240837
703465 0.218845
718083 0.199328
706092 0.228044
703034 0.11411
714541 0.088512
713262 0.267247
706867 0.093934
709347 0.366893
698492 0.179684
714635 0.120212
709611 0.157368
703328 0.15072
694209 0.146622
697938 0.190069
697666 0.26526
697212 0.330549
714742 0.118843
708572 0.153382
704181 0.125021
722715 0.115728
706438 0.15321
721285 0.155003
713097 0.25322
712719 0.15709
711303 0.239612
707595 0.144008
707962 0.190982
711741 0.148201
691161 0.100386
699212 0.185511
706165 0.15526
700441 0.305713
703857 0.112362
708062 0.264046
716284 0.092361
712679 0.114346
722878 0.224435
714707 0.503618
706165 0.192497
718084 0.222311
700327 0.086406
714056 0.350558
711233 0.184443
716361 0.090475
693021 0.357468
690960 0.166572
701458 0.118436
714243 0.13535
710722 0.154688
708012 0.106691
709487 0.202152
704748 0.208171
713953 0.255229
690238 0.126639
697489 0.151454
713066 0.328851
716158 0.129478
714206 0.179814
709870 0.148723
712334 0.099722
717904 0.095637
717297 0.077696
710666 0.155892
706771 0.201707
701701 0.191928
702760 0.289705
722774 0.140126
704732 0.096983
704202 0.101438
712880 0.187915
701722 0.123266
706766 0.132693
698243 0.205865
709978 0.22234
710579 0.324979
709273 0.120622
698185 0.079955
699802 0.081427
706584 0.185345
712092 0.208871
711636 0.201344
697336 0.149448
717314 0.1599
724043 0.122176
719968 0.121647
717710 0.142917
711221 0.232592
705352 0.218285
724157 0.117287
709394 0.335584
694566 0.229272
715900 0.118436
715108 0.199879
711310 0.129753
706785 0.264052
716446 0.287116
701993 0.094403
706370 0.084438
699034 0.182307
707436 0.125993
717322 0.241085
716314 0.250685
722155 0.098902
713153 0.163429
709889 0.216614
715848 0.105485
714278 0.208662
720426 0.304526
713645 0.083445
705288 0.23147
725119 0.115901
687272 0.188374
717178 0.474487
714712 0.426958
695970 0.180079
715894 1.11488
719024 0.421883
709636 0.120117
710234 0.098537
718118 0.106289
713438 0.327035
713342 0.103415
713286 0.386498
712511 0.387976
704303 0.192085
692447 0.140431
719101 0.125728
710939 0.13662
698460 0.172092
696804 0.095987
699347 0.287815
697291 0.144505
718688 0.131733
718438 0.142332
711536 0.168696
700455 0.366492
710230 0.192305
709975 0.087145
716415 0.229559
720867 0.226709
710616 0.349487
701780 0.430843
699477 0.139863
707416 0.193709
700103 0.103736
712416 0.6436
711272 0.243487
700392 0.109223
725562 0.301786
694374 0.090085
701836 0.249716
716919 0.118984
714452 0.377021
689001 0.177377
717953 0.075348
711728 0.093162
708579 0.152597
707214 0.155847
703316 0.17817
715603 0.129444
701566 0.112289
708692 0.129521
700180 0.108897
694220 0.210561
702404 0.163044
702922 0.103158
700250 0.113919
705229 0.157191
711580 0.18307
705017 0.126038
721341 0.080217
701122 0.217374
705728 0.104203
709823 0.266957
713576 0.078349
720685 0.247914
709754 0.247799
713596 0.116074
689398 0.164845
720652 0.093815
704090 0.133153
711048 0.185089
723751 0.081174
716371 0.166826
715214 0.234597
699463 0.303131
712997 0.185493
711510 0.262253
699785 0.099533
711849 0.237745
711366 0.101784
685767 0.129375
702648 0.178512
712537 0.303251
715034 0.141254
706388 0.194276
701460 0.093673
715374 0.126116
682677 0.141046
708934 0.131677
724015 0.169327
708029 0.255292
707058 0.184038
705887 0.107417
717351 0.156037
703318 0.069985
713251 0.220886
717017 0.170163
713085 0.324854
715598 0.178514
690084 0.084449
719022 0.120902
715997 0.241191
717482 0.170954
707674 0.350503
691472 0.118517
722248 0.121334
693856 0.360441
706477 0.12655
701778 0.312145
683260 0.162985
700310 0.14449
703530 0.153169
712128 0.353753
695422 0.136341
715570 0.145239
713167 0.248165
710822 0.188656
696803 0.174067
707756 0.11927
716399 0.166569
717047 0.248323
714488 0.264264
704504 0.146935
704218 0.18197
711727 0.13202
690070 0.266541
714534 0.20716
708804 0.25286
703491 0.454278
712506 0.327112
703395 0.250808
718877 0.227914
699743 0.172703
703845 0.150408
713178 0.324176
722783 0.167858
711410 0.288364
714035 0.215419
694388 0.165071
703126 0.171967
717064 0.235552
719000 0.114858
706974 0.242654
712105 0.483597
712579 0.326179
710274 0.333655
712350 0.140803
704372 0.494376
712525 0.257373
716980 0.072546
689437 0.0994
690672 0.152746
712402 0.143282
697146 0.293232
687802 0.260561
710780 0.22103
705966 0.225835
702474 0.178718
715256 0.206429
707243 0.089041
693612 0.194131
712630 0.171235
712554 0.156369
717829 0.130755
700273 0.082182
688611 0.073781
713632 0.176497
724110 0.162194
700635 0.105754
724873 0.101607
704302 0.142149
697582 0.13447
712392 0.134168
716525 0.309682
720809 0.169556
715388 0.157146
717518 0.128827
703406 0.1132
700114 0.164404
718578 0.420115
709670 0.098508
706207 0.264336
710584 0.166139
706148 0.147139
700142 0.140893
712061 0.115433
697256 0.15007
714248 0.173485
706989 0.119447
698766 0.215096
706690 0.160393
704412 0.127818
707163 0.202523
708337 0.094488
715808 0.166232
714705 0.398177
711914 0.081864
706407 0.131493
708470 0.109036
705366 0.323584
715894 0.123496
712241 0.109006
707082 0.193829
710566 0.193292
715199 0.2343
692174 0.079268
717344 0.101884
713304 0.157411
717197 0.245202
705514 0.118442
701955 0.187647
705660 0.07555
711938 0.317901
708150 0.140471
685058 0.355837
714794 0.126273
716686 0.089768
725386 0.08221
710575 0.159177
709884 0.155878
691304 0.168153
718671 0.076517
719252 0.07902
713514 0.066566
716609 0.257011
695796 0.205412
702000 0.206243
707506 0.178035
712304 0.127433
719966 0.22144
703495 0.105689
711863 0.086186
685445 0.165696
707108 0.142111
702600 0.139928
704918 0.109861
698976 0.269173
694354 0.163947
710136 0.336796
696290 0.139428
708727 0.220507
696992 0.12895
713309 0.212364
704149 0.240442
700567 0.097099
722554 0.118511
710220 0.117158
704828 0.075128
702725 0.248009
702172 0.442326
713514 0.293315
714424 0.129756
702221 0.163293
699531 0.117672
707990 0.238332
707374 0.168479
710085 0.132086
720524 0.229355
709765 0.116457
704912 0.12949
710374 0.129808
696782 0.30925
719918 0.31642
711823 0.196929
718498 0.646406
703706 0.323755
704452 0.286494
709714 0.094655
705140 0.124657
709112 0.135777
700108 0.256398
714110 0.140514
712203 0.245295
700805 0.081358
707180 0.091276
695922 0.104241
710372 0.128605
710768 0.15957
710150 0.092767
714424 0.122753
715659 0.075986
716082 0.309787
712129 0.190464
713132 0.279161
701782 0.217807
711349 0.323255
705087 0.128941
703916 0.188831
701699 0.103705
706438 0.324336
723660 0.102787
699412 0.139889
719056 0.182491
699982 0.293956
691061 0.130412
696680 0.131132
723474 0.15203
702725 0.173001
711319 0.179522
702082 0.214217
703969 0.130646
717472 0.118451
698957 0.189344
711272 0.197597
711564 0.095638
715790 0.1917
715853 0.15152
699576 0.184847
713136 0.197231
709819 0.148919
717498 0.367687
710157 0.131422
708762 0.078884
718722 0.169657
709824 0.258913
713897 0.325554
719413 0.185454
720394 0.16055
705450 0.444337
706648 0.164533
701936 0.156048
694633 0.188862
722351 0.33779
708867 0.350226
704688 0.280085
698773 0.186377
713724 0.122061
708830 0.163966
706676 0.113969
709935 0.122326
708071 0.114324
699648 0.22961
704630 0.13841
715592 0.197434
697554 0.09741
705418 0.112247
693224 0.104259
706951 0.202442
708118 0.193992
716695 0.144189
