691250 0.547807
703896 0.427157
714338 0.417245
677980 0.291736
670992 0.378587
664069 0.459035
693436 0.540249
666852 0.393581
719940 0.423246
688511 0.27524
712768 0.352644
718321 0.360673
670238 0.438703
696920 0.34688
674504 0.352051
686088 0.41288
671620 0.391879
710575 0.424989
687125 0.441831
669954 0.421845
711686 0.421425
693434 0.273542
710843 0.312614
697394 0.448998
667963 0.412799
701538 0.455287
688742 0.490049
689813 0.491348
688413 0.479717
667427 0.439606
706492 0.338094
663481 0.407925
673979 0.374381
680300 0.332997
699662 0.580168
678739 0.423485
707536 0.393895
696740 0.464331
673484 0.509653
664505 0.432361
711564 0.571066
712661 0.397162
720290 0.554128
701818 0.566598
666743 0.427577
693318 0.344272
703672 0.709495
700219 0.37427
678589 0.335452
686455 0.524093
692363 0.520781
705852 0.484169
703034 0.398313
706786 0.657528
666311 0.439446
706867 0.341933
693215 0.377919
679947 0.450007
715440 0.392716
712554 0.460614
693371 0.361194
710456 0.485352
696510 0.432637
680816 0.547267
697212 0.429576
675785 0.318461
658266 0.434146
677518 0.481565
718284 0.511365
706624 0.609908
672350 0.343469
710519 0.573067
682742 0.37403
694866 0.365044
707523 0.596705
722419 0.524247
663157 0.34413
672469 0.360043
699209 0.331307
667606 0.531587
700441 0.531535
699764 0.446524
708062 0.543877
689878 0.363961
670973 0.414816
721284 0.305369
661392 0.85514
701045 0.360709
690886 0.453079
673470 0.34812
711580 0.563744
708666 0.481944
702007 0.322736
693018 0.482908
713183 0.438013
689190 0.528203
669148 0.322415
695466 0.276056
715132 0.495105
663325 0.289422
713095 0.443937
686546 0.407757
703502 0.345294
671543 0.570598
686816 0.590547
716158 0.435158
668087 0.295251
682750 0.298412
676896 0.317524
711072 0.349529
717297 0.502936
707718 0.600328
675472 0.504854
682612 0.342538
702760 0.534617
717944 0.371486
687032 0.315838
666435 0.331535
680426 0.492547
714791 0.370125
679663 0.410657
708195 0.456397
666458 0.349105
691682 0.538727
669501 0.343046
666174 0.297718
699802 0.448825
706584 0.469079
694906 0.430096
717532 0.410948
691224 0.730123
686108 0.303641
671200 0.320056
678116 0.425928
679329 0.314884
716231 0.593455
686374 0.408508
721828 0.328257
671508 0.51251
665590 0.321678
669896 0.507551
676998 0.581958
723450 0.40218
696248 0.330361
716446 0.389948
680682 0.266805
712178 0.367256
679452 0.385034
684464 0.371707
717322 0.488443
691929 0.49223
671976 0.318926
665931 0.507994
717686 0.295681
680995 0.28903
673766 0.609959
719654 0.933051
705792 0.468266
705288 0.529065
681422 0.383223
690888 0.511112
700724 0.497882
674473 0.664068
695970 0.38779
712334 0.986371
659750 0.613472
681851 0.412434
681079 0.337181
690783 0.428798
720347 0.406421
686796 0.354344
686765 0.429352
703143 0.698237
717983 0.373957
664136 0.415709
688844 0.36561
686620 0.445924
684002 0.383259
696773 0.347758
699326 0.429943
713808 0.509842
679788 0.345006
670044 0.341252
713750 0.389496
678865 0.531582
710230 0.560536
714719 0.303935
704394 0.468768
720867 0.328836
680111 0.561851
701780 0.673233
666138 0.401775
678496 0.485993
712425 0.373314
711958 0.657097
664363 0.563073
688485 0.343146
683991 0.417227
682269 0.444165
666141 0.326498
707724 0.556166
679831 0.406145
689001 0.350847
709520 0.309139
697053 0.293797
714312 0.342476
712654 0.404879
703316 0.561158
714878 0.291366
694200 0.343328
693147 0.419291
684828 0.420531
674324 0.422217
702404 0.336176
688004 0.285394
705042 0.293622
705229 0.391517
711580 0.557413
694820 0.36395
715615 0.311343
701122 0.375982
712588 0.308473
666580 0.364528
720162 0.315319
670952 0.587437
673951 0.490966
680015 0.364417
672044 0.345817
678850 0.270498
698357 0.319604
701561 0.344572
669956 0.324767
715816 0.394814
710444 0.631078
675866 0.598366
681202 0.395026
679452 0.58156
674194 0.288715
716384 0.387684
679590 0.433415
679348 0.42454
702406 0.514477
684915 0.610734
715034 0.484099
685060 0.371857
683286 0.423625
683742 0.307507
673843 0.345913
683919 0.352503
702600 0.44863
680122 0.407984
672326 0.375298
713102 0.315435
681004 0.400704
677492 0.35997
679355 0.495205
687818 0.374148
711165 0.462302
715598 0.381134
689479 0.27486
723916 0.32672
668964 0.377084
677582 0.297864
662694 0.579386
701036 0.435044
722248 0.398351
693450 0.758918
679128 0.380053
701778 0.285195
683146 0.390583
700299 0.360457
676403 0.290845
654687 0.67554
695422 0.380824
679294 0.443984
697501 0.42837
697466 0.830497
696803 0.435282
703580 0.383385
700340 0.349343
717047 0.512248
681525 0.465075
717638 0.477194
703164 0.369639
708535 0.373164
677226 0.422254
688238 0.410689
719101 0.321932
694036 0.524126
712506 0.396438
693324 0.501855
681014 0.458668
672945 0.390424
687059 0.406058
713178 0.602567
712635 0.424975
712346 0.321501
668801 0.503894
689454 0.369909
668572 0.279224
694451 0.333025
683952 0.284813
684890 0.425389
676531 0.691884
671976 0.672203
691283 0.486521
669839 0.461697
707080 0.76258
687587 0.373014
708852 0.276717
689437 0.382115
714651 0.424862
711506 0.362918
664979 0.422475
681152 0.406551
675098 0.372847
686483 0.438581
713520 0.532307
668402 0.385758
662219 0.323832
674324 0.431372
687638 0.28172
669900 0.353688
714522 0.307598
695516 0.37917
683400 0.293841
700056 0.563264
705526 0.50165
720934 0.308615
671657 0.308761
674040 0.342671
697582 0.331742
684306 0.426036
671816 0.609743
670264 0.308652
689630 0.376942
686317 0.365569
673199 0.338943
700114 0.51517
716527 0.547745
709670 0.353072
713598 0.397348
691567 0.461219
680838 0.373368
671830 0.467613
719971 0.276796
697256 0.328498
672430 0.465896
685641 0.360938
698766 0.357119
717759 0.360019
694463 0.388887
707163 0.442349
684203 0.33017
713935 0.476463
676475 0.671035
680430 0.325662
663164 0.332287
668306 0.418559
669574 0.3482
691901 0.370524
671575 0.335809
665511 0.48461
681529 0.278677
706421 0.478518
667179 0.495252
717344 0.41122
709006 0.328815
692284 0.46653
717300 0.394928
675042 0.404447
690188 0.379622
680040 0.42375
707882 0.3094
685058 0.645901
679032 0.306232
695826 0.361434
694704 0.477862
679880 0.422559
650064 0.312489
694503 0.37072
716396 0.621294
690848 0.381912
704298 0.339172
689658 0.565456
667646 0.444467
667782 0.327237
686637 0.382556
680435 0.427705
720738 0.511119
692862 0.422996
668955 0.316784
683504 0.455997
673452 0.442711
664734 0.273098
693430 0.379491
712938 0.495298
694354 0.411053
708992 0.352458
673796 0.516521
710927 0.459476
688018 0.357905
713979 0.420534
691180 0.520888
665808 0.477611
674132 0.374923
666404 0.377167
675616 0.369683
693558 0.42702
702172 0.696842
681963 0.475906
675720 0.304825
673306 0.357717
699531 0.352883
668005 0.356781
661467 0.467357
710085 0.369194
675532 0.5268
674998 0.338917
704793 0.438602
686385 0.32232
669709 0.348054
718386 0.723099
684660 0.507482
685044 0.514364
703706 0.537506
704452 0.498266
680760 0.313476
717871 0.442498
708356 0.382454
695669 0.40528
690041 0.375197
657020 0.356056
700805 0.333629
707180 0.281792
671534 0.335524
678540 0.392811
717948 0.315223
678809 0.292512
682622 0.451887
682852 0.326665
716082 0.49251
703678 0.386758
689787 0.58512
714032 0.426554
674858 0.352004
666456 0.2601
703722 0.408242
691296 0.419269
679712 0.689604
672212 0.349844
677915 0.405854
685564 0.335955
663904 0.308653
682432 0.375504
667992 0.374009
694631 0.359122
708426 0.347925
712266 0.516957
701183 0.442517
683414 0.412769
663880 0.510951
664533 0.329858
673141 0.410463
681116 0.337553
659684 0.277613
712344 0.343726
674583 0.511526
670586 0.332558
683354 0.395724
694866 0.669275
700595 0.310747
711664 0.308513
677898 0.262782
709824 0.412017
713132 0.381486
672061 0.342307
685981 0.330915
688497 0.350799
694827 0.375939
679693 0.476739
669088 0.313431
722351 0.388187
678461 0.429147
690146 0.477444
698773 0.343154
682239 0.413247
678788 0.316853
665726 0.295564
685762 0.349412
709471 0.355848
706610 0.429428
717103 0.390495
693248 0.416939
703407 0.340901
673698 0.409162
693130 0.284593
683666 0.302747
664920 0.300946
679520 0.400511
