2.05021e+07 0.454658
2.11195e+07 0.612285
2.12948e+07 1.41175
2.12584e+07 1.04095
2.08678e+07 0.15803
2.02052e+07 1.07741
2.05043e+07 0.998545
1.98744e+07 1.24446
2.06916e+07 0.626808
2.02345e+07 1.35281
2.08451e+07 2.64232
2.0309e+07 1.37198
2.02905e+07 0.425869
2.12954e+07 0.383182
2.08392e+07 0.242277
2.05985e+07 0.56125
2.02516e+07 0.665172
2.08134e+07 0.325826
2.03682e+07 1.07825
2.09041e+07 0.362513
2.11504e+07 0.20907
2.08224e+07 0.183673
2.05764e+07 1.10222
2.04378e+07 1.00187
2.13203e+07 0.984965
2.02694e+07 1.37917
2.01914e+07 0.555153
2.12334e+07 1.30226
2.04726e+07 0.20154
2.09493e+07 1.91175
2.0097e+07 1.52493
2.11323e+07 0.41024
2.10897e+07 1.05285
1.99558e+07 0.451717
2.02556e+07 0.377384
2.12012e+07 1.88383
2.11835e+07 0.309525
2.03182e+07 0.165841
2.04681e+07 0.719053
2.10641e+07 0.577179
2.03742e+07 0.303251
2.04404e+07 0.136801
2.10903e+07 1.257
2.0544e+07 1.61704
2.06933e+07 0.573591
2.07898e+07 1.17654
2.08735e+07 0.150791
2.06193e+07 1.38729
2.08213e+07 1.79436
2.05208e+07 1.6145
2.08166e+07 1.59735
2.03862e+07 0.808555
2.04997e+07 0.282753
2.05962e+07 0.62541
2.05001e+07 0.438076
2.12725e+07 2.39795
2.06563e+07 1.51401
2.04172e+07 0.610793
2.07459e+07 1.35395
2.06965e+07 1.13138
2.07566e+07 1.01672
2.03443e+07 0.330346
2.09158e+07 0.920175
2.10364e+07 1.31797
2.05978e+07 0.728276
2.0299e+07 0.566881
2.04632e+07 0.763738
2.03174e+07 0.308973
2.11567e+07 1.44
2.09344e+07 1.27476
2.08043e+07 1.19888
2.1251e+07 1.78151
2.00229e+07 0.320293
2.06016e+07 1.88583
2.1165e+07 1.23907
2.10688e+07 1.8009
2.04864e+07 0.627789
2.11112e+07 1.91081
2.0907e+07 0.964846
2.04306e+07 0.170301
2.10101e+07 1.09523
2.02841e+07 1.49392
2.09514e+07 0.327126
2.06841e+07 0.344749
2.05566e+07 0.773107
2.10415e+07 0.157049
2.12865e+07 1.03033
2.06075e+07 0.39491
2.0417e+07 0.262959
2.12922e+07 1.02162
2.07805e+07 1.93895
2.11564e+07 1.16121
2.12581e+07 0.999244
2.07764e+07 0.221283
2.08886e+07 0.618453
2.04505e+07 0.589032
2.04146e+07 0.147368
2.03832e+07 0.336478
2.11466e+07 1.76908
2.04034e+07 1.02645
2.09829e+07 0.294677
2.05522e+07 1.10066
2.07397e+07 0.391113
2.08698e+07 0.303801
2.05297e+07 0.241144
2.08333e+07 0.973692
2.04757e+07 0.394621
2.06499e+07 0.838248
2.08109e+07 0.191556
2.04789e+07 0.791398
2.11454e+07 1.08291
2.04612e+07 0.938857
2.08136e+07 0.470702
2.00861e+07 0.701269
2.11469e+07 0.175384
2.06176e+07 0.907421
2.10328e+07 0.557967
2.08918e+07 0.362527
2.08942e+07 0.089967
2.07047e+07 1.09084
2.01974e+07 1.02873
2.11006e+07 0.945751
2.04177e+07 1.27158
2.09083e+07 1.39532
2.11517e+07 2.00552
2.03559e+07 1.06328
2.11366e+07 1.30347
2.11373e+07 1.07556
2.09772e+07 1.223
2.02982e+07 1.5082
2.08938e+07 0.159545
2.01849e+07 1.21756
2.10539e+07 1.31628
2.0144e+07 0.507819
2.07865e+07 1.07685
2.09003e+07 0.179151
2.1383e+07 1.29466
2.0281e+07 0.340694
2.07793e+07 0.39994
2.14234e+07 2.05145
2.06754e+07 0.6928
2.05922e+07 2.34097
2.1206e+07 1.94725
2.06878e+07 0.50564
2.03454e+07 0.738853
2.00872e+07 0.573724
2.082e+07 0.603016
2.04327e+07 0.983816
2.03939e+07 0.870859
2.09003e+07 0.257849
2.05996e+07 0.965961
2.06145e+07 1.5873
2.0742e+07 0.58785
2.0357e+07 1.38846
2.05218e+07 1.37847
2.06955e+07 1.13349
2.12993e+07 1.24045
2.10351e+07 1.14391
2.12524e+07 0.635505
2.03397e+07 1.02333
2.09179e+07 0.832151
2.11008e+07 1.19094
2.10112e+07 0.305658
2.05295e+07 0.677039
2.10893e+07 1.07482
2.06778e+07 0.310764
2.07432e+07 0.75854
2.01796e+07 0.379532
2.0664e+07 1.0181
2.04737e+07 0.317125
2.10256e+07 0.130805
2.09016e+07 1.06297
2.1209e+07 0.340218
1.99089e+07 1.99335
2.07653e+07 1.10775
2.06119e+07 1.05449
2.19927e+07 1.38087
2.09247e+07 1.43118
2.09837e+07 0.254431
2.10524e+07 1.30154
2.07105e+07 0.430137
2.05543e+07 0.433677
2.12078e+07 1.36681
2.10927e+07 1.90178
2.05588e+07 0.739788
2.02937e+07 0.191151
2.05433e+07 0.811597
2.0905e+07 0.281221
2.04683e+07 1.41405
2.04305e+07 0.487431
2.01851e+07 0.638546
2.08896e+07 0.967897
2.12348e+07 0.305887
2.11311e+07 1.14861
2.09936e+07 1.35122
2.12814e+07 0.235678
2.05349e+07 0.779396
2.00424e+07 1.26766
2.05556e+07 0.919918
2.07436e+07 1.92432
2.12007e+07 1.21825
2.09392e+07 2.10134
1.99986e+07 1.26329
2.0905e+07 0.813502
2.09397e+07 1.22498
2.05708e+07 0.214024
2.08151e+07 1.2929
2.12937e+07 1.29129
2.06199e+07 0.279057
2.12602e+07 0.986152
2.08267e+07 1.42778
2.04909e+07 0.148537
2.03481e+07 0.142661
2.08243e+07 1.12422
2.09872e+07 1.14046
2.00418e+07 1.08423
2.05895e+07 1.28454
2.1007e+07 2.29852
2.03358e+07 0.372763
2.08851e+07 0.312548
2.09667e+07 1.37052
2.12164e+07 1.30468
2.07606e+07 0.997984
2.05978e+07 1.2577
2.1263e+07 1.02669
2.04943e+07 0.85558
2.03799e+07 1.07322
2.12333e+07 0.548187
2.08405e+07 1.22955
2.06128e+07 0.46408
2.10748e+07 1.15236
2.13256e+07 1.24084
2.11375e+07 1.34977
2.09807e+07 0.236666
2.05938e+07 0.53958
2.0172e+07 0.905353
2.10574e+07 0.388917
2.053e+07 0.909568
2.01126e+07 0.242861
2.12469e+07 3.04606
2.02068e+07 0.298771
2.11708e+07 0.237694
2.09375e+07 1.3475
2.10495e+07 0.441022
2.06813e+07 2.0028
2.02983e+07 1.07977
2.05487e+07 1.82551
2.06091e+07 1.29329
2.07899e+07 0.234004
2.04096e+07 1.35363
2.04178e+07 1.91062
2.11434e+07 0.231773
2.00706e+07 1.15108
2.13324e+07 0.494352
2.1142e+07 0.978917
2.10789e+07 0.300295
2.08192e+07 0.371909
2.08046e+07 1.17527
2.06068e+07 1.04032
2.09607e+07 0.792086
2.03856e+07 0.691149
2.04755e+07 1.33286
2.10113e+07 0.39488
1.99246e+07 1.06495
2.05535e+07 0.209234
2.06976e+07 1.31464
2.11919e+07 1.96499
2.10852e+07 1.55232
2.06382e+07 1.13493
2.11853e+07 1.20707
2.05632e+07 0.832008
2.0773e+07 1.88272
2.04127e+07 0.262276
2.05878e+07 0.404389
2.00822e+07 0.928988
2.07466e+07 0.43029
1.99188e+07 1.35111
2.04541e+07 0.308917
2.08141e+07 1.01389
2.12265e+07 0.324909
2.05552e+07 0.925738
1.96662e+07 1.62582
2.04201e+07 0.341104
2.10156e+07 0.310238
2.0774e+07 0.404824
2.03684e+07 1.14764
2.0704e+07 1.80804
2.10351e+07 1.16942
2.12314e+07 0.950686
2.09819e+07 1.00745
2.19321e+07 1.91935
2.1055e+07 0.127204
2.0494e+07 0.952575
2.06266e+07 0.159992
2.11113e+07 2.61496
2.049e+07 0.674203
2.08342e+07 0.508817
2.05875e+07 0.089881
1.9725e+07 0.657882
2.06577e+07 1.34401
2.04987e+07 0.169218
1.99783e+07 0.218869
2.11595e+07 2.10675
2.0376e+07 3.9419
2.13076e+07 0.249259
2.0796e+07 1.69931
1.99249e+07 1.0259
2.05889e+07 0.708731
2.02987e+07 0.59064
2.13192e+07 1.50438
2.03566e+07 0.301901
2.08998e+07 0.22646
2.0972e+07 1.08045
2.10349e+07 1.13378
2.10596e+07 1.10267
2.11398e+07 0.645934
2.0719e+07 1.2611
2.07265e+07 1.3877
2.03022e+07 0.548567
2.08024e+07 0.343661
2.11124e+07 1.2824
2.12044e+07 1.31745
2.00621e+07 0.581301
2.05523e+07 0.206254
2.04231e+07 0.933729
2.0934e+07 0.416623
2.02585e+07 0.983878
2.07602e+07 1.09267
2.12269e+07 1.64726
2.10586e+07 0.939925
2.04997e+07 0.63815
2.02103e+07 0.492349
2.1227e+07 0.522156
2.10689e+07 1.34684
2.13701e+07 0.231425
2.04165e+07 0.355721
2.04647e+07 1.20504
2.10026e+07 0.934487
2.07791e+07 1.31329
2.03044e+07 0.197788
1.99075e+07 0.548386
2.14332e+07 1.19959
2.03641e+07 0.80534
2.03981e+07 1.06139
2.09527e+07 1.26087
2.00067e+07 1.6797
2.04698e+07 0.281558
2.08076e+07 1.24401
2.08793e+07 1.31333
2.05863e+07 0.330503
2.1246e+07 0.223475
2.04857e+07 1.47536
2.07424e+07 0.105141
2.10972e+07 0.997875
2.07689e+07 0.243712
2.02677e+07 0.673005
2.07543e+07 0.451499
2.09744e+07 0.166638
2.09068e+07 0.630067
2.18229e+07 2.00401
2.09475e+07 1.86697
2.10472e+07 1.83619
2.12131e+07 1.22219
2.13102e+07 0.892925
2.11037e+07 3.30091
2.09846e+07 2.10364
2.10631e+07 0.484574
2.06821e+07 0.636778
2.08823e+07 0.424626
2.06132e+07 2.05037
2.0639e+07 1.40704
2.12123e+07 1.75955
2.10836e+07 1.07696
2.12478e+07 1.22676
2.12362e+07 1.5175
2.02671e+07 1.12156
2.04632e+07 0.773357
2.04523e+07 0.535385
2.10581e+07 0.137685
2.05435e+07 0.946905
2.0799e+07 0.368246
2.05136e+07 0.754865
2.05835e+07 0.358135
1.98677e+07 0.507902
2.0285e+07 0.308292
2.13644e+07 5.17516
2.12974e+07 0.140187
2.04171e+07 1.14378
2.02253e+07 0.810041
2.07743e+07 1.15374
2.01812e+07 1.316
2.04156e+07 0.10405
2.05948e+07 0.976844
2.07638e+07 1.04265
2.08055e+07 0.498586
2.04966e+07 0.580183
1.97991e+07 0.395387
2.0693e+07 1.70743
2.06716e+07 0.654789
2.11769e+07 0.467071
2.06296e+07 0.538394
2.07207e+07 0.135077
2.09277e+07 1.06106
2.09548e+07 0.85239
2.06287e+07 0.368829
2.0914e+07 0.191891
2.06395e+07 0.59475
2.02507e+07 0.907684
2.07065e+07 0.494691
2.00202e+07 0.205089
2.07471e+07 0.539111
2.09066e+07 0.312227
2.01054e+07 1.66086
2.07845e+07 1.11751
2.01083e+07 0.778501
2.02913e+07 1.26292
2.00665e+07 0.824671
2.07071e+07 0.383791
2.09641e+07 0.651093
2.02621e+07 0.142085
2.04756e+07 0.207043
2.06138e+07 0.286518
1.98649e+07 1.18516
2.10213e+07 0.986805
2.0143e+07 1.50625
2.10815e+07 1.35425
2.12615e+07 1.07078
2.01169e+07 0.430569
1.99752e+07 0.619113
2.06553e+07 0.994369
1.97493e+07 0.50405
2.04798e+07 0.491613
2.12628e+07 1.27566
2.06907e+07 1.01799
2.01634e+07 0.875406
2.12926e+07 1.89333
2.08606e+07 0.497459
2.09177e+07 1.04628
2.07893e+07 1.13687
2.09275e+07 0.627027
2.03772e+07 1.0646
2.01666e+07 0.562782
2.09433e+07 0.564281
2.09916e+07 1.99073
2.03449e+07 0.605834
2.10264e+07 1.45507
2.04026e+07 0.939431
2.06352e+07 0.337661
2.07789e+07 1.31449
2.1065e+07 0.967092
2.07652e+07 0.592843
2.10009e+07 0.323958
2.09017e+07 1.55357
2.06864e+07 0.446957
2.01607e+07 0.697462
2.08288e+07 1.79758
2.03258e+07 0.87657
2.05512e+07 0.720282
2.0599e+07 0.252995
2.05252e+07 1.68184
2.00201e+07 0.918871
2.04193e+07 0.629876
2.10937e+07 1.11763
2.12396e+07 1.99533
2.05971e+07 0.955804
2.09296e+07 0.240049
2.00183e+07 1.93564
2.08313e+07 1.22753
2.04443e+07 1.79593
2.0911e+07 0.506855
2.04281e+07 0.540864
2.13021e+07 2.13989
2.10553e+07 1.36572
2.08243e+07 1.86683
2.10074e+07 1.38097
2.04209e+07 0.496274
2.07976e+07 1.30578
2.07648e+07 1.10085
2.06691e+07 0.947608
2.10546e+07 1.01853
2.07925e+07 1.11431
2.0886e+07 1.17251
2.07666e+07 1.02262
2.13295e+07 1.85135
2.10017e+07 0.128041
2.03135e+07 0.52458
2.04499e+07 0.459018
2.09119e+07 1.01139
2.07378e+07 0.17571
2.08683e+07 0.261517
2.08961e+07 0.136045
2.07326e+07 0.403667
2.11637e+07 0.173096
2.09066e+07 0.176124
2.07279e+07 1.09587
2.13956e+07 0.973514
2.04158e+07 1.11614
2.12465e+07 0.395841
2.07387e+07 1.98771
2.01349e+07 1.39541
