2.09796e+07 0.317974
2.10983e+07 0.100629
2.09855e+07 0.427624
2.12584e+07 0.312452
2.06567e+07 0.465363
2.13583e+07 0.278395
2.13451e+07 0.277645
2.08544e+07 0.489707
2.11988e+07 0.467403
2.17219e+07 0.178352
2.12584e+07 1.85628
2.10563e+07 0.340939
2.05308e+07 0.11255
2.10815e+07 0.29506
2.13603e+07 0.160018
2.09434e+07 0.354495
2.04458e+07 0.499674
2.08104e+07 0.327936
2.12872e+07 0.376692
2.07545e+07 0.092568
2.09663e+07 0.199335
2.12036e+07 0.068845
2.06144e+07 0.263611
2.1141e+07 0.210001
2.11892e+07 0.064564
2.09738e+07 0.510065
2.09923e+07 0.236373
2.12334e+07 0.090286
2.09334e+07 0.038692
2.08159e+07 0.076052
2.11938e+07 0.369586
2.11934e+07 0.366883
2.10637e+07 0.259002
2.12226e+07 0.393926
2.02626e+07 0.532701
2.12211e+07 0.215454
2.11986e+07 0.037257
2.09011e+07 0.414779
2.12292e+07 0.225513
2.10641e+07 0.36646
2.12118e+07 0.361091
2.1114e+07 0.152793
2.04465e+07 0.240669
2.07979e+07 0.105661
2.09621e+07 0.192888
2.11571e+07 0.104494
2.05843e+07 0.172533
2.12205e+07 0.697695
2.0801e+07 0.045533
2.12127e+07 0.301828
2.08232e+07 0.244115
2.07166e+07 0.535266
2.02995e+07 0.215854
2.10584e+07 0.240486
2.13253e+07 0.282892
2.09782e+07 0.764542
2.12687e+07 0.347079
2.04355e+07 0.429983
2.07458e+07 0.441968
2.10287e+07 0.088114
2.06019e+07 0.738607
2.13071e+07 0.201654
2.09158e+07 0.878823
2.10364e+07 0.302947
2.07813e+07 0.237697
2.13221e+07 0.240204
2.11724e+07 0.237331
2.08706e+07 0.381106
2.19382e+07 0.334456
2.08644e+07 0.433195
2.11389e+07 0.115317
2.11674e+07 0.11832
2.10006e+07 0.329282
2.12017e+07 0.425835
2.10702e+07 0.338685
2.11482e+07 0.630833
2.09414e+07 0.116039
2.1776e+07 0.157291
2.13434e+07 0.122372
2.04306e+07 0.290219
2.10278e+07 0.151646
2.1177e+07 0.262447
2.13666e+07 0.091549
2.07074e+07 0.652602
2.09735e+07 0.088241
2.10382e+07 0.204882
2.12813e+07 0.276305
2.13233e+07 0.494576
2.06976e+07 0.348634
2.12876e+07 0.102608
2.11313e+07 0.482096
2.12193e+07 0.376349
2.13885e+07 0.088554
2.08338e+07 0.209028
2.08886e+07 0.124274
2.06126e+07 0.379036
2.12173e+07 0.275641
2.10478e+07 0.362759
2.027e+07 0.212614
2.11237e+07 0.295159
2.06359e+07 0.170836
2.10692e+07 0.939111
2.08938e+07 0.153065
2.08329e+07 0.241996
2.05827e+07 0.172044
2.10387e+07 0.565522
2.11136e+07 0.439261
2.11977e+07 0.363565
2.07684e+07 0.560919
2.12188e+07 0.486346
2.10619e+07 0.274361
2.04612e+07 0.340343
2.08265e+07 0.319915
2.07814e+07 0.651725
2.06786e+07 0.240811
2.13536e+07 0.666973
2.11603e+07 0.334416
2.08351e+07 0.066264
2.14504e+07 0.216316
2.06423e+07 0.244842
2.11416e+07 0.200774
2.09635e+07 0.208083
2.04177e+07 0.322514
2.07472e+07 0.997174
2.11517e+07 0.211706
2.08409e+07 0.850654
2.11366e+07 0.461454
2.11373e+07 0.140226
2.10623e+07 0.462403
2.13445e+07 0.223685
2.07508e+07 0.125802
2.1132e+07 0.638182
2.1038e+07 0.19234
2.10785e+07 0.166772
2.10105e+07 0.172847
2.09003e+07 0.11802
2.08956e+07 0.527526
2.03613e+07 0.448424
2.1037e+07 0.246494
2.10279e+07 0.2408
2.06754e+07 0.018998
2.05922e+07 0.460263
2.1206e+07 0.146768
2.10473e+07 0.60459
2.07539e+07 0.332852
2.10547e+07 0.400261
2.0794e+07 0.207136
2.08488e+07 0.183291
2.09846e+07 0.174399
2.09003e+07 0.329327
2.13372e+07 0.421622
2.10131e+07 0.400982
2.12185e+07 0.209935
2.06799e+07 0.659088
2.05636e+07 0.399171
2.10767e+07 0.478009
2.1036e+07 0.149262
2.10351e+07 0.312204
2.11372e+07 0.248754
2.10143e+07 0.41726
2.10331e+07 0.169639
2.12743e+07 0.419725
2.00242e+07 0.395895
2.09374e+07 0.40481
2.03183e+07 0.242306
2.10947e+07 0.240272
2.13991e+07 0.19616
2.09386e+07 0.13475
2.0769e+07 0.232919
2.04737e+07 0.418337
2.10953e+07 0.087192
2.08016e+07 0.124849
2.0772e+07 0.297602
2.13588e+07 2.32431
2.06652e+07 0.396806
2.1229e+07 0.291963
2.13308e+07 0.155132
2.09895e+07 0.247347
2.12546e+07 0.240777
2.11453e+07 0.134227
2.07072e+07 0.845694
2.06999e+07 0.234974
2.14485e+07 0.476716
2.11495e+07 0.229869
2.05558e+07 0.497266
2.1501e+07 0.19728
2.13861e+07 0.063382
2.13095e+07 0.207127
2.10496e+07 0.275819
2.10805e+07 0.053979
2.06395e+07 0.539505
2.12454e+07 0.064267
2.10821e+07 0.264801
2.13012e+07 0.303163
2.10409e+07 0.250391
2.07549e+07 0.163552
2.12079e+07 0.277578
2.07529e+07 0.343929
2.12992e+07 0.209854
2.11544e+07 0.451807
2.10867e+07 0.245262
2.12586e+07 0.049247
2.10921e+07 0.27064
2.10551e+07 0.086765
2.13677e+07 0.241101
2.1038e+07 0.227786
2.1096e+07 0.66975
2.18058e+07 0.463651
2.06172e+07 0.128702
2.09994e+07 0.139635
2.11359e+07 0.446875
2.06787e+07 0.16212
2.12665e+07 0.375017
2.12447e+07 0.484105
2.08275e+07 0.236854
2.08975e+07 0.379237
2.12533e+07 0.441507
2.1007e+07 0.317841
2.09801e+07 0.35028
2.13516e+07 0.348379
2.12066e+07 0.565046
2.11435e+07 0.259389
2.11356e+07 0.168569
2.11049e+07 0.727689
2.07397e+07 0.139363
2.09429e+07 0.351506
2.08044e+07 0.305796
2.08985e+07 0.080181
2.11555e+07 0.236489
2.12238e+07 0.215737
2.12483e+07 0.294667
2.13621e+07 0.475326
2.12456e+07 0.240065
2.12274e+07 0.195658
2.11868e+07 0.116812
2.12368e+07 0.419475
2.13426e+07 0.199399
2.11308e+07 0.196992
2.03073e+07 0.111075
2.12469e+07 4.31952
2.11502e+07 0.255996
2.1016e+07 0.042665
2.12868e+07 0.340583
2.09241e+07 0.21728
2.06813e+07 0.084284
2.12156e+07 0.096933
2.11461e+07 0.081089
2.12558e+07 0.207334
2.07488e+07 0.448619
2.12207e+07 0.244428
2.04178e+07 0.283891
2.06147e+07 0.287951
2.13976e+07 0.062237
2.12825e+07 0.280889
2.09501e+07 0.088797
2.09987e+07 0.3164
2.09376e+07 0.077194
2.11982e+07 0.289354
2.06068e+07 0.186666
2.09623e+07 0.125071
2.04033e+07 0.616232
2.11345e+07 0.177123
2.05162e+07 0.267002
2.13437e+07 0.132934
2.10875e+07 0.059171
2.10444e+07 0.068262
2.12552e+07 0.26625
2.10852e+07 0.058772
2.11363e+07 0.260009
2.1174e+07 0.211751
2.12943e+07 0.02619
2.10798e+07 0.159055
2.08874e+07 0.086453
2.06779e+07 0.207343
2.05998e+07 0.142793
2.07466e+07 0.355337
2.07291e+07 0.477259
2.04816e+07 0.627848
2.09148e+07 0.179399
2.12e+07 0.311393
2.10147e+07 0.427008
2.1335e+07 0.270276
2.11243e+07 0.089625
2.10618e+07 0.172703
2.08461e+07 0.265589
2.27813e+07 0.454398
2.11917e+07 0.598238
2.11633e+07 0.394156
2.12773e+07 1.05086
2.0985e+07 0.317478
2.09528e+07 0.474822
2.11179e+07 0.096338
2.1256e+07 0.3953
2.08748e+07 0.186449
2.08772e+07 0.557353
2.12008e+07 0.164174
2.10152e+07 0.298652
2.07002e+07 0.077746
2.05027e+07 0.062146
2.07451e+07 0.204874
2.03603e+07 0.182558
2.0659e+07 0.120092
2.11433e+07 0.388116
2.08322e+07 2.18554
2.11109e+07 0.17732
2.12928e+07 0.249185
2.12994e+07 0.349115
2.07791e+07 0.077119
2.07584e+07 0.172561
2.12157e+07 0.368052
2.036e+07 0.180109
2.10167e+07 0.263113
2.09951e+07 0.07735
2.13588e+07 0.042871
2.11367e+07 0.23806
2.14487e+07 0.038333
2.14163e+07 0.221662
2.07107e+07 0.211173
2.1313e+07 0.114768
2.05865e+07 0.184467
2.11865e+07 0.279691
2.11983e+07 0.321316
2.11978e+07 0.349037
2.09507e+07 0.276561
2.08689e+07 0.089788
2.06574e+07 0.14925
2.13632e+07 0.465581
2.12306e+07 0.071985
2.12396e+07 0.085696
2.0824e+07 0.171501
2.10832e+07 0.112729
2.08746e+07 0.09623
2.11329e+07 0.330622
2.11051e+07 0.347116
2.12083e+07 0.152464
2.06791e+07 0.316948
2.04722e+07 0.601966
2.10026e+07 0.100227
2.14554e+07 0.287377
2.08653e+07 0.099969
2.1143e+07 0.302271
2.11437e+07 0.374446
2.11475e+07 0.134585
2.04855e+07 0.109827
2.06501e+07 0.096736
2.11623e+07 1.32
2.10635e+07 0.131006
2.15312e+07 0.216945
2.07246e+07 0.179414
2.08849e+07 0.14993
2.11573e+07 0.043061
2.1064e+07 0.210271
2.07424e+07 0.218683
2.10972e+07 0.25187
2.09558e+07 0.13303
2.10221e+07 0.083958
2.10684e+07 0.205484
2.11877e+07 0.104303
2.08435e+07 0.250283
2.11242e+07 0.307091
2.119e+07 0.284455
2.05772e+07 0.189871
2.07539e+07 0.218548
2.09425e+07 0.74459
2.13006e+07 1.24481
2.06258e+07 0.305809
2.07789e+07 0.085759
2.1193e+07 0.455212
2.01449e+07 0.105632
2.06132e+07 0.351049
2.07907e+07 0.174232
2.12123e+07 0.373332
2.10057e+07 0.430289
2.12662e+07 0.29687
2.00832e+07 0.542442
2.05308e+07 0.249092
2.07048e+07 0.151965
2.09051e+07 0.297241
2.1052e+07 0.237288
2.0948e+07 0.137488
2.10133e+07 0.193198
2.11633e+07 0.086459
2.01024e+07 0.07769
2.13007e+07 0.212303
2.0449e+07 0.233076
2.12734e+07 6.29833
2.13094e+07 0.059272
2.09881e+07 0.40864
2.08383e+07 0.363711
2.05648e+07 0.255763
2.0803e+07 0.736165
2.13493e+07 0.056986
2.06627e+07 0.204947
2.1117e+07 0.592441
2.10232e+07 0.647609
2.09432e+07 0.430582
2.12943e+07 0.049598
2.0693e+07 0.135612
2.11942e+07 0.135641
2.11494e+07 0.288439
2.08476e+07 0.152495
2.10302e+07 0.249358
2.09592e+07 0.133653
2.07696e+07 0.518143
2.06327e+07 0.15385
2.09118e+07 0.159392
2.09294e+07 0.190572
2.04331e+07 0.422635
2.05146e+07 0.086228
2.08001e+07 0.133933
2.07471e+07 0.557715
2.09066e+07 0.215028
2.11168e+07 2.20752
2.11978e+07 0.373523
2.11113e+07 0.34174
2.14113e+07 0.520573
2.10495e+07 0.210464
2.14903e+07 0.274609
2.11376e+07 1.07681
2.02621e+07 0.228239
2.04405e+07 0.23992
2.12991e+07 0.149547
2.12267e+07 0.047559
2.13334e+07 0.193059
2.13467e+07 0.219018
2.07364e+07 0.374306
2.12892e+07 0.22848
2.01169e+07 0.228966
2.05767e+07 0.055793
2.06865e+07 0.576235
2.10905e+07 0.081457
2.05948e+07 0.266017
2.12318e+07 0.408799
2.06907e+07 0.40709
2.04981e+07 0.214216
2.17943e+07 0.367978
2.12422e+07 0.272453
2.10048e+07 0.832359
2.13804e+07 0.414149
2.06362e+07 0.105886
2.07214e+07 1.19426
2.08276e+07 0.30625
2.04915e+07 0.328452
2.05381e+07 0.372169
2.11365e+07 0.136945
2.08928e+07 0.369511
2.13725e+07 1.09992
2.12603e+07 0.707603
2.05956e+07 0.15565
2.11162e+07 0.428036
2.13551e+07 0.314638
2.13098e+07 0.283077
2.0762e+07 0.533748
2.10565e+07 0.917139
2.07932e+07 0.743684
2.08288e+07 0.138257
2.10206e+07 0.084203
2.12307e+07 0.065215
2.0599e+07 0.222751
2.03865e+07 0.198539
2.09891e+07 0.424729
2.04193e+07 0.462332
2.11963e+07 0.141193
2.06306e+07 0.31917
2.14026e+07 0.57327
2.11081e+07 0.13289
2.11718e+07 0.169284
2.05861e+07 0.219965
2.04346e+07 0.318137
2.09759e+07 0.140987
2.06866e+07 0.246373
2.13282e+07 0.634113
2.10553e+07 0.162074
2.11621e+07 0.360333
2.09555e+07 0.460045
2.12688e+07 1.76973
2.07999e+07 0.183804
2.13451e+07 0.08163
2.12207e+07 0.14845
2.08893e+07 0.119012
2.12587e+07 0.250753
2.09829e+07 0.256351
2.09694e+07 0.213618
2.10173e+07 0.210494
2.09592e+07 0.116126
2.05408e+07 0.5631
2.10676e+07 0.135711
2.07959e+07 0.269596
2.07372e+07 0.052182
2.11567e+07 0.205259
2.09317e+07 0.097994
2.09657e+07 0.143623
2.11687e+07 0.068897
2.09508e+07 0.110433
2.05747e+07 0.38049
2.13956e+07 0.076773
2.08322e+07 0.117295
2.08154e+07 0.208598
2.11791e+07 0.243818
2.11266e+07 0.37848
