1.98036e+07 0.570082
2.13999e+07 1.2768
2.06293e+07 1.9088
2.07654e+07 1.15344
2.05038e+07 1.42657
2.06421e+07 1.46435
2.04169e+07 0.57961
2.0252e+07 0.595727
2.07914e+07 0.530291
2.03059e+07 0.932971
2.12693e+07 1.52679
2.07591e+07 0.532153
2.07919e+07 0.426725
2.0254e+07 0.347317
2.00679e+07 1.30911
2.01847e+07 1.56604
2.10213e+07 2.14715
2.0513e+07 0.329474
2.03103e+07 0.728285
2.05691e+07 1.46502
2.10535e+07 1.74248
2.04312e+07 0.466772
2.11815e+07 1.97141
2.10199e+07 1.5644
2.02459e+07 2.0091
2.03025e+07 0.540818
2.06087e+07 1.36423
2.06131e+07 0.689985
2.08244e+07 1.24365
2.00222e+07 0.838751
2.00433e+07 0.807148
2.06427e+07 0.433142
2.01992e+07 1.60356
2.07377e+07 1.46372
2.08582e+07 1.89164
1.97824e+07 0.828033
2.14249e+07 0.405785
2.08552e+07 0.403802
2.07399e+07 1.72483
2.018e+07 0.523481
2.09393e+07 0.769349
2.09585e+07 0.461879
2.02925e+07 0.754444
2.07424e+07 0.338686
2.06927e+07 0.653134
2.05269e+07 1.19505
2.02137e+07 1.26811
1.9984e+07 1.39722
2.06767e+07 1.68858
2.00432e+07 1.21729
2.02642e+07 0.799844
2.09829e+07 1.21466
2.09646e+07 1.38549
2.00261e+07 1.30172
2.02431e+07 0.625236
2.09838e+07 0.346569
2.08975e+07 1.23044
2.06211e+07 1.33483
2.14421e+07 1.17462
2.01358e+07 0.827347
2.09235e+07 0.549007
2.02963e+07 0.519739
2.09359e+07 0.479648
2.02557e+07 0.87971
2.0642e+07 0.551003
2.05711e+07 0.90596
2.10549e+07 0.39799
2.06672e+07 1.48693
2.07094e+07 1.20611
2.06112e+07 1.39125
2.06375e+07 0.37753
2.08035e+07 1.06206
2.02998e+07 0.411445
2.11703e+07 0.210987
2.03522e+07 0.526117
2.04516e+07 1.22461
2.02396e+07 1.92656
2.07113e+07 1.41736
2.08166e+07 0.398903
2.02857e+07 1.49205
2.03654e+07 1.20135
2.08554e+07 1.26306
2.05105e+07 1.35535
2.07673e+07 2.23478
2.06622e+07 0.527362
2.06736e+07 0.818384
2.02061e+07 0.728834
2.09067e+07 1.04447
2.0168e+07 1.61896
2.03789e+07 1.37499
2.05989e+07 1.1801
2.07241e+07 0.374751
2.04391e+07 0.590544
2.05547e+07 0.430039
2.05208e+07 0.43804
2.10972e+07 1.2566
2.07861e+07 1.46209
2.0605e+07 0.797142
2.07873e+07 0.525892
1.99372e+07 1.70825
2.04702e+07 0.548023
2.05726e+07 0.503914
2.02186e+07 0.505545
2.04383e+07 1.12658
2.11852e+07 0.546638
2.12571e+07 1.99276
2.06991e+07 0.691322
2.08294e+07 1.05522
2.03888e+07 0.756882
2.03806e+07 0.752696
2.01926e+07 0.721863
2.02062e+07 0.602749
2.0426e+07 0.754854
1.99247e+07 1.47808
2.12534e+07 0.423161
2.05581e+07 1.27356
2.12252e+07 0.466982
2.01366e+07 1.00754
2.10995e+07 1.18671
2.03706e+07 0.487098
2.02625e+07 0.927451
2.06083e+07 1.31256
2.01558e+07 0.901421
2.06098e+07 0.836434
2.06531e+07 1.50632
2.0697e+07 1.24433
2.01527e+07 0.431957
2.01258e+07 0.786348
2.05241e+07 1.38815
2.08345e+07 0.420942
2.03913e+07 0.924039
2.08319e+07 0.82979
2.06312e+07 1.40881
2.05914e+07 1.94791
2.05655e+07 0.616062
2.00328e+07 0.489691
2.03678e+07 0.427595
2.04422e+07 1.67493
1.986e+07 0.694327
2.03204e+07 0.590009
2.12714e+07 1.28086
1.97164e+07 0.506101
2.03502e+07 0.459577
2.03822e+07 1.09893
2.04307e+07 0.617141
2.02754e+07 0.354192
2.02136e+07 1.01863
2.01319e+07 1.35023
2.08961e+07 0.417082
2.07227e+07 1.1611
2.05662e+07 0.511643
2.00272e+07 0.933551
2.02612e+07 1.19464
2.03829e+07 1.01661
2.11093e+07 1.26638
2.02948e+07 0.428167
2.10342e+07 2.01669
2.03897e+07 2.53367
1.99922e+07 0.722691
2.00134e+07 1.74782
2.04928e+07 1.3163
2.10039e+07 1.25326
2.11286e+07 1.64315
2.10004e+07 1.16349
2.13176e+07 0.372864
2.10233e+07 0.327622
2.01072e+07 0.508755
2.08707e+07 1.40347
2.03263e+07 1.06902
2.06422e+07 1.30077
2.06583e+07 0.54055
2.10488e+07 0.38229
2.03456e+07 0.454678
2.11966e+07 1.78372
2.07928e+07 1.07898
2.08692e+07 1.37319
2.04779e+07 0.935084
2.06191e+07 0.764057
2.08098e+07 0.502712
2.02212e+07 0.473554
2.05814e+07 0.911465
2.09772e+07 1.19168
2.07385e+07 1.71978
2.08256e+07 0.550819
2.05663e+07 0.628618
2.13857e+07 0.504447
1.99885e+07 1.2836
2.07392e+07 1.24526
2.00546e+07 1.64702
2.03357e+07 0.573863
2.04324e+07 1.45732
2.0839e+07 0.665423
2.02259e+07 1.05747
2.03286e+07 1.11454
2.07396e+07 0.26994
2.12087e+07 0.554672
2.00642e+07 0.620792
2.05599e+07 0.401262
2.10063e+07 0.604908
2.02542e+07 0.250859
2.09253e+07 1.33825
2.03614e+07 0.502319
2.06396e+07 0.877762
2.05318e+07 1.46826
2.02638e+07 0.603334
2.05182e+07 0.750569
2.11823e+07 2.07157
2.00862e+07 1.53395
2.05807e+07 0.50535
2.01598e+07 0.358981
2.08117e+07 1.16337
2.03573e+07 0.992282
2.03836e+07 0.522505
2.09664e+07 1.29946
2.04147e+07 0.789031
2.04624e+07 0.447873
2.02164e+07 1.14648
2.03148e+07 0.602982
2.06884e+07 0.404557
2.07706e+07 0.534171
2.06675e+07 1.22438
2.11983e+07 2.24675
2.04076e+07 1.01313
2.05638e+07 0.576207
2.09857e+07 0.358581
2.05493e+07 0.84918
2.07595e+07 0.501183
2.05596e+07 2.2102
2.03164e+07 0.662915
2.08021e+07 1.15884
2.03641e+07 0.832063
2.01512e+07 0.918157
2.01479e+07 0.943701
2.04796e+07 0.536745
2.07835e+07 0.949965
2.05448e+07 1.34211
2.0945e+07 1.66755
2.08537e+07 0.402452
2.03279e+07 0.840144
2.132e+07 4.64689
2.08515e+07 1.03676
2.01053e+07 0.803352
2.06872e+07 0.560673
2.06646e+07 0.776754
2.06688e+07 1.95031
2.04048e+07 0.694809
2.04809e+07 0.401059
2.02737e+07 1.20587
2.06645e+07 0.355968
2.0687e+07 1.13423
2.1018e+07 0.832778
2.04242e+07 0.413861
2.06195e+07 0.348285
2.08027e+07 0.74612
2.07245e+07 0.710703
2.05745e+07 0.932347
2.02635e+07 1.46139
2.08464e+07 1.34233
2.11674e+07 1.14311
2.09334e+07 0.81111
2.12197e+07 1.99792
2.10115e+07 1.23477
2.07624e+07 2.40516
2.04875e+07 1.76751
2.06329e+07 0.473522
2.02923e+07 0.901742
2.04188e+07 0.728783
2.10703e+07 1.16961
2.11071e+07 1.74389
2.03623e+07 1.23472
2.08157e+07 1.2352
2.02352e+07 1.68468
2.06767e+07 0.386848
2.04614e+07 1.42241
2.05142e+07 0.479186
2.07637e+07 0.475777
2.04191e+07 0.408062
2.02846e+07 0.531314
2.06107e+07 0.47755
2.09329e+07 0.710966
2.03453e+07 0.915924
2.1031e+07 0.479576
2.0602e+07 1.42286
2.07459e+07 1.15132
2.12317e+07 1.09281
2.03952e+07 1.21188
2.05043e+07 1.83475
2.07142e+07 1.84385
2.0724e+07 0.554234
2.11745e+07 1.44825
2.083e+07 0.598967
2.10808e+07 0.371013
2.12938e+07 1.27507
2.04084e+07 1.15289
2.12313e+07 1.29276
2.13104e+07 1.74699
2.06024e+07 1.19279
2.07548e+07 0.770652
2.00701e+07 1.84216
2.05019e+07 0.773346
2.05563e+07 0.852898
2.10166e+07 0.220765
2.04527e+07 0.644501
2.04166e+07 3.90353
2.07323e+07 1.15925
2.00438e+07 1.31032
2.08413e+07 0.295631
2.07197e+07 0.421623
2.0583e+07 0.457694
2.0268e+07 1.33945
2.06077e+07 1.35416
2.0756e+07 1.15809
2.05467e+07 0.512398
2.06196e+07 0.330284
2.09746e+07 1.2402
2.04322e+07 1.29115
2.1272e+07 2.05809
2.07297e+07 0.355218
2.0843e+07 1.41581
2.05695e+07 0.537848
2.0473e+07 0.617803
2.02518e+07 1.21266
2.12076e+07 2.2328
2.04963e+07 1.26555
2.04979e+07 0.371442
2.06952e+07 0.680075
2.06891e+07 1.32052
2.04859e+07 1.16666
2.10555e+07 1.21906
2.0125e+07 0.808852
2.08907e+07 1.93805
2.08923e+07 2.15991
2.01228e+07 1.23605
2.03563e+07 0.368395
2.09925e+07 0.564525
2.06896e+07 1.02224
2.04676e+07 0.340621
1.97282e+07 0.755806
2.00483e+07 0.949587
2.06663e+07 0.635996
2.05081e+07 0.750837
2.01348e+07 1.19182
2.02425e+07 1.21809
2.11449e+07 1.04168
1.99446e+07 0.940354
2.00024e+07 1.11119
2.05543e+07 0.689139
2.05757e+07 1.81772
2.05587e+07 0.601693
2.05735e+07 1.28515
2.03163e+07 0.453194
1.9969e+07 0.995641
1.99287e+07 0.478127
2.03835e+07 1.1975
2.11159e+07 1.41635
2.03625e+07 0.542739
2.1026e+07 0.488895
2.04996e+07 0.453278
2.04561e+07 1.16232
2.03241e+07 1.36636
2.05707e+07 1.18067
2.0152e+07 0.764905
2.03037e+07 0.580818
2.04965e+07 1.08044
2.01527e+07 0.845856
2.06695e+07 1.14744
2.09278e+07 0.426718
2.09809e+07 0.514109
2.04315e+07 1.71422
2.05631e+07 1.02928
2.09002e+07 1.38252
2.05715e+07 0.788635
2.04958e+07 0.884113
2.11609e+07 1.31128
2.04418e+07 0.649006
2.02885e+07 0.665441
2.06919e+07 0.3647
2.06698e+07 1.35403
2.04717e+07 0.904843
2.01772e+07 1.5429
2.06094e+07 1.9265
2.01926e+07 0.369017
2.05114e+07 1.43092
2.05726e+07 0.911866
2.07048e+07 0.907409
2.09512e+07 0.544983
2.12995e+07 1.16745
2.02292e+07 0.480615
2.0591e+07 1.61214
2.03915e+07 0.508126
2.01444e+07 0.525504
2.05281e+07 0.622112
2.06164e+07 1.33294
2.11493e+07 1.98142
2.11612e+07 1.54401
2.04924e+07 0.291071
2.05136e+07 0.711706
2.06362e+07 1.88103
2.03134e+07 1.54087
2.04681e+07 0.216619
2.02247e+07 0.989076
2.04559e+07 1.05303
2.07042e+07 0.549474
2.01725e+07 1.36548
2.05397e+07 0.854106
2.04817e+07 0.292134
2.04579e+07 1.30998
2.0669e+07 0.682059
2.0071e+07 0.89563
2.08033e+07 0.851629
2.01858e+07 1.12036
2.03847e+07 0.552086
2.02685e+07 1.71384
2.03221e+07 0.668131
2.09019e+07 0.825672
2.03984e+07 0.975484
2.10675e+07 0.467206
2.03455e+07 0.442329
2.07039e+07 0.577384
2.02489e+07 1.14097
2.11146e+07 0.430313
2.02902e+07 0.496285
2.11615e+07 1.34288
2.05747e+07 0.457657
2.05396e+07 1.35456
2.05323e+07 0.482331
2.02723e+07 2.00616
2.04877e+07 0.83096
2.10927e+07 0.482165
2.08973e+07 0.500011
2.02394e+07 0.841933
2.11353e+07 0.665542
2.07297e+07 0.596398
2.04188e+07 0.458628
2.10473e+07 1.85148
2.00849e+07 1.63759
2.04866e+07 0.349147
2.05701e+07 0.497921
2.07304e+07 2.03355
1.99316e+07 1.09077
1.99699e+07 0.544683
2.02168e+07 1.06637
2.04083e+07 1.99231
2.03773e+07 0.686823
2.01237e+07 0.839635
2.04968e+07 0.875985
2.05404e+07 0.389873
2.10705e+07 0.436517
2.08264e+07 0.64193
2.02561e+07 0.858394
2.12275e+07 0.900983
2.02227e+07 0.405671
2.05854e+07 1.51703
2.03809e+07 1.67378
2.06576e+07 1.64545
2.04312e+07 0.356318
2.01366e+07 1.82996
2.09012e+07 1.5009
2.01533e+07 0.543818
2.03794e+07 0.43735
2.04566e+07 0.513151
2.0548e+07 1.42941
2.08015e+07 0.37892
2.11153e+07 1.58493
2.02812e+07 0.653002
2.07184e+07 0.615707
2.08581e+07 1.29297
2.12855e+07 1.25347
2.03988e+07 0.394177
2.08216e+07 0.543619
2.00439e+07 0.501799
2.1464e+07 0.419529
2.05914e+07 0.855287
2.07424e+07 1.00876
2.13471e+07 0.350868
2.0262e+07 1.43999
2.06525e+07 0.614565
2.02709e+07 1.22905
2.03231e+07 0.875474
2.05409e+07 1.79554
2.00854e+07 1.40794
2.02989e+07 1.4585
2.04094e+07 2.04267
2.10771e+07 1.10329
2.08279e+07 0.966942
2.01845e+07 0.458501
2.06954e+07 1.24712
2.04834e+07 0.367035
2.11975e+07 0.506206
2.11248e+07 1.18214
2.05349e+07 0.690459
2.12787e+07 1.36103
2.13327e+07 0.559297
2.13471e+07 0.31596
2.04726e+07 1.24702
1.99067e+07 0.888341
2.01836e+07 1.04487
2.02361e+07 0.451248
1.9981e+07 0.668087
2.09051e+07 1.5881
