2.13557e+07 0.533022
2.09367e+07 0.470049
2.06293e+07 0.188224
2.0763e+07 0.479435
2.05417e+07 0.88945
2.05766e+07 0.572398
2.12047e+07 0.399558
2.05351e+07 0.544931
2.0979e+07 0.483118
2.06656e+07 0.583233
2.10615e+07 1.57839
2.10122e+07 0.349161
2.07015e+07 0.49771
2.11769e+07 0.317973
2.05802e+07 0.372074
2.05502e+07 0.941465
2.12571e+07 0.700909
2.09533e+07 0.429294
2.05976e+07 0.517031
2.05691e+07 0.970467
2.13047e+07 0.463777
2.09568e+07 0.918221
2.13686e+07 0.370973
2.08321e+07 0.43241
2.09386e+07 0.515765
2.03468e+07 0.574418
2.06087e+07 0.629971
2.09038e+07 0.559024
2.08244e+07 0.496679
2.07263e+07 0.573145
2.1052e+07 0.65177
2.0461e+07 0.324842
2.08141e+07 0.367342
2.07377e+07 0.414334
2.09429e+07 0.951851
2.07083e+07 0.433694
2.13474e+07 0.475092
2.11528e+07 0.541537
2.09431e+07 0.569119
2.08591e+07 0.473092
2.11372e+07 0.73926
2.09585e+07 0.439811
2.03716e+07 0.404914
2.12403e+07 0.315444
2.12314e+07 0.397838
2.07887e+07 0.420852
2.0853e+07 0.797054
2.08537e+07 0.613598
2.11648e+07 0.286866
2.13467e+07 0.365694
2.0544e+07 0.359747
2.09829e+07 0.397697
2.09091e+07 0.391181
2.06329e+07 0.32654
2.10236e+07 0.599808
2.11523e+07 0.501399
2.10876e+07 0.433887
2.06211e+07 0.679413
2.09776e+07 0.327362
2.1185e+07 0.599696
2.09235e+07 0.543303
2.02963e+07 0.658335
2.10484e+07 0.593598
2.07615e+07 0.506079
2.0642e+07 0.435416
2.13398e+07 0.296594
2.14903e+07 0.307231
2.07399e+07 0.381332
2.07179e+07 1.38875
2.10541e+07 0.620826
2.13582e+07 0.324019
2.12851e+07 0.360829
2.0984e+07 0.403585
2.11703e+07 0.32034
2.12477e+07 0.21201
2.07668e+07 0.764693
2.06443e+07 0.40227
2.07113e+07 0.32695
2.12478e+07 0.320403
2.02963e+07 0.711199
2.09965e+07 0.664577
2.10052e+07 0.469475
2.11092e+07 0.594858
2.07673e+07 0.421668
2.08661e+07 0.553744
2.06736e+07 0.266933
2.10872e+07 0.19026
2.09084e+07 0.747276
2.11128e+07 0.575694
2.05743e+07 0.296225
2.09646e+07 0.652936
2.09216e+07 0.291684
2.03984e+07 0.345756
2.05547e+07 0.430549
2.13405e+07 0.502293
2.07626e+07 0.347641
2.07058e+07 1.05209
2.11993e+07 0.720739
2.10383e+07 0.278646
2.10933e+07 0.351579
2.04702e+07 0.775692
2.08333e+07 0.287093
2.11464e+07 0.35847
2.07227e+07 0.354076
2.0035e+07 0.378203
2.1194e+07 0.299758
2.10321e+07 0.76144
2.11484e+07 0.282599
2.10883e+07 0.489528
2.09876e+07 0.804593
2.1286e+07 0.384648
2.06393e+07 0.661429
2.06648e+07 0.854531
2.08868e+07 0.427902
2.12483e+07 0.38104
2.10278e+07 0.328708
2.13382e+07 0.450151
2.08051e+07 0.745231
2.10897e+07 0.629174
2.05418e+07 0.438507
2.08358e+07 0.596611
2.06083e+07 0.311051
2.0995e+07 0.32691
2.09586e+07 1.10848
2.06531e+07 0.945687
2.07174e+07 0.401098
2.10689e+07 0.369361
2.06119e+07 0.361506
2.10687e+07 0.697696
2.09289e+07 0.338846
2.09288e+07 0.396962
2.08558e+07 0.57319
2.13283e+07 0.482804
2.05917e+07 0.521806
2.09322e+07 0.398992
2.08871e+07 0.346153
2.12933e+07 0.792462
2.10262e+07 0.519515
2.0683e+07 0.434626
2.03204e+07 0.715342
2.12927e+07 0.552641
2.08281e+07 0.447513
2.07599e+07 0.405785
2.10045e+07 0.918192
2.11219e+07 0.333522
2.04664e+07 0.423866
2.10087e+07 0.233373
2.04087e+07 1.54347
2.10797e+07 0.292996
2.13164e+07 0.295297
2.08392e+07 0.464932
2.0625e+07 0.771177
2.08463e+07 0.264101
2.08928e+07 0.681054
2.11412e+07 0.726362
2.12083e+07 0.224754
2.04162e+07 0.335672
2.10507e+07 0.465577
2.06892e+07 0.376544
2.09856e+07 1.13634
2.11293e+07 0.303218
2.0821e+07 0.369565
2.13209e+07 0.585152
2.04828e+07 0.337377
2.13233e+07 0.459714
2.10715e+07 0.330559
2.07863e+07 0.348778
2.08707e+07 0.375366
2.02759e+07 0.635769
2.07086e+07 0.387068
2.05002e+07 0.485603
2.11592e+07 0.354238
2.08532e+07 0.855563
2.11966e+07 1.58674
2.07928e+07 0.337428
2.07724e+07 0.491383
2.04786e+07 0.399217
2.06191e+07 0.756445
2.09741e+07 0.421304
2.09256e+07 0.354737
2.14876e+07 0.543867
2.09772e+07 0.398839
2.09465e+07 0.516436
2.09101e+07 0.308656
2.08789e+07 0.543759
2.13586e+07 0.329935
2.02456e+07 1.01471
2.11219e+07 0.384819
2.11511e+07 0.433918
2.03166e+07 0.423625
2.00185e+07 1.04391
2.12922e+07 0.338465
2.09432e+07 0.736399
2.09015e+07 0.499028
2.07396e+07 0.254833
2.12107e+07 0.527583
2.08561e+07 0.562683
2.056e+07 0.194044
2.09301e+07 0.383361
2.10729e+07 0.245569
2.05396e+07 0.601133
2.11879e+07 0.694027
2.0969e+07 0.445844
2.14009e+07 0.38587
2.05492e+07 0.555608
2.12552e+07 0.485401
2.12281e+07 0.349443
2.07976e+07 0.684154
2.12054e+07 0.706467
2.05885e+07 0.363081
2.0974e+07 0.243298
2.06126e+07 0.631807
2.13141e+07 0.513596
2.13449e+07 0.420354
2.10256e+07 0.369095
2.10298e+07 0.29034
2.08178e+07 0.570279
2.09012e+07 0.464485
2.10212e+07 0.71176
2.07706e+07 0.326717
2.06675e+07 0.547876
2.10039e+07 0.310292
2.09992e+07 0.63239
2.12233e+07 0.619038
2.13334e+07 0.247023
2.12943e+07 0.374897
2.09624e+07 0.59524
2.05639e+07 0.499904
2.09552e+07 0.507103
2.08253e+07 0.492418
2.11732e+07 0.444472
2.13424e+07 0.650686
2.03442e+07 0.896545
2.10743e+07 0.505081
2.07835e+07 0.547773
2.10688e+07 0.358337
2.0945e+07 0.263139
2.08537e+07 0.370676
2.10784e+07 0.56378
2.13431e+07 3.16025
2.05799e+07 0.785003
2.0662e+07 0.47466
2.06922e+07 0.526437
2.11208e+07 0.417618
2.10366e+07 0.280614
2.12008e+07 0.465678
2.09004e+07 0.194538
2.14434e+07 0.33272
2.06645e+07 0.254269
2.0687e+07 0.368134
2.1018e+07 1.07808
2.11736e+07 0.33605
2.13523e+07 0.403165
2.08375e+07 0.294777
2.11112e+07 0.731766
2.05745e+07 0.451827
2.10888e+07 1.02247
2.09132e+07 0.288879
2.04629e+07 0.443709
2.09334e+07 0.728884
2.11699e+07 0.263401
2.07539e+07 0.286789
2.10059e+07 0.403132
2.04875e+07 0.616564
2.07466e+07 0.430849
2.11925e+07 0.901063
2.08164e+07 0.465106
2.12787e+07 0.337729
2.08268e+07 0.7846
2.04799e+07 0.493798
2.09613e+07 0.32489
2.12746e+07 0.555563
2.06767e+07 0.228693
2.02835e+07 0.326816
2.12121e+07 0.342037
2.10516e+07 0.37788
2.04191e+07 0.459449
2.02846e+07 0.787721
2.11381e+07 0.41817
2.08663e+07 0.727455
2.1166e+07 0.828157
2.1031e+07 0.440428
2.06677e+07 0.30907
2.11073e+07 0.494139
2.12317e+07 0.363415
2.08839e+07 0.571505
2.08542e+07 0.634802
2.12122e+07 0.350431
2.12546e+07 0.412498
2.1316e+07 0.336479
2.13355e+07 0.442311
2.10808e+07 0.300176
2.09126e+07 0.317017
2.08522e+07 0.254318
2.12468e+07 0.296983
2.12935e+07 0.768499
2.09997e+07 0.338563
2.13245e+07 0.430319
2.11392e+07 0.672656
2.10721e+07 0.562928
2.0637e+07 0.68829
2.13557e+07 0.281999
2.11044e+07 0.626004
2.1168e+07 1.79181
2.05727e+07 0.277588
2.1098e+07 0.296841
2.10081e+07 0.261121
2.12233e+07 0.404059
2.09342e+07 0.486706
2.08149e+07 0.465873
2.06077e+07 0.152798
2.11775e+07 0.286759
2.10994e+07 0.393672
2.13607e+07 0.405615
2.11847e+07 1.36895
2.0938e+07 0.48954
2.04752e+07 1.55135
2.06509e+07 0.424766
2.08665e+07 0.705182
2.07029e+07 0.50578
2.1299e+07 0.458371
2.10385e+07 0.437185
2.12076e+07 0.815304
2.02469e+07 1.09965
2.10743e+07 0.590178
2.05606e+07 0.38346
2.06891e+07 0.656174
2.11157e+07 0.376073
2.12038e+07 0.394949
2.06431e+07 0.470549
2.12251e+07 0.28164
2.11788e+07 0.770147
2.1129e+07 0.373847
2.03563e+07 0.35253
2.09925e+07 0.579449
2.09027e+07 1.13859
2.07735e+07 0.403501
2.09822e+07 0.439785
2.09923e+07 0.369298
2.10614e+07 0.282694
2.13002e+07 0.287534
2.06313e+07 0.306374
2.12932e+07 0.325112
2.12517e+07 0.428271
2.05534e+07 0.693424
2.12596e+07 0.795777
2.00832e+07 0.836235
2.06001e+07 0.632053
2.10649e+07 0.35755
2.13485e+07 0.628569
2.08288e+07 0.437336
2.08034e+07 0.316192
2.07263e+07 0.343332
2.04082e+07 0.356215
2.0745e+07 0.319785
2.12141e+07 0.447691
2.12177e+07 0.694431
2.05026e+07 0.523107
2.13117e+07 1.11604
2.1254e+07 0.305139
2.11805e+07 0.317712
2.05836e+07 0.723648
2.07298e+07 0.393491
2.12515e+07 0.275755
2.11845e+07 0.323957
2.06695e+07 0.304662
2.1241e+07 0.347841
2.12201e+07 0.386371
2.05945e+07 0.356012
2.06796e+07 1.00339
2.09002e+07 0.532765
2.13254e+07 0.97639
2.13504e+07 0.409331
2.12034e+07 0.386525
2.10424e+07 0.505627
2.11239e+07 0.634775
2.07746e+07 0.305845
2.09934e+07 0.637097
2.09026e+07 0.573466
2.07475e+07 0.671463
2.12872e+07 0.390351
2.10916e+07 0.349519
2.09246e+07 0.498658
2.09861e+07 0.386922
2.10427e+07 0.532322
2.11899e+07 1.79777
2.11669e+07 0.284731
2.1201e+07 0.324304
2.09225e+07 0.091308
2.07427e+07 0.337828
2.11561e+07 0.561354
2.10624e+07 0.518259
2.12366e+07 0.320157
2.10097e+07 0.339705
2.11612e+07 0.504521
2.06289e+07 0.302694
2.1291e+07 0.442258
2.08382e+07 1.02659
2.03929e+07 1.04783
2.12912e+07 0.692881
2.08179e+07 0.369404
2.09703e+07 0.485735
2.091e+07 0.384332
2.12141e+07 0.388073
2.11432e+07 0.752406
2.04817e+07 0.380356
2.09874e+07 0.418238
2.07968e+07 0.566704
2.09698e+07 0.5327
2.10334e+07 0.440124
2.02154e+07 0.221849
2.03847e+07 0.396703
2.11574e+07 0.922245
2.11274e+07 0.81202
2.09019e+07 0.479716
2.04059e+07 0.364671
2.09529e+07 0.589195
2.1085e+07 0.338776
2.10297e+07 0.299919
2.05479e+07 0.54215
2.11146e+07 0.510914
2.02939e+07 0.485922
2.12676e+07 0.547571
2.1246e+07 0.18684
2.07908e+07 0.622932
2.09471e+07 0.925905
2.12449e+07 0.255668
2.09078e+07 0.862246
2.14214e+07 0.447151
2.09903e+07 0.480072
2.03387e+07 0.613861
2.11367e+07 0.61699
2.06596e+07 0.529615
2.09545e+07 0.319834
2.10418e+07 0.140924
2.12271e+07 0.687203
2.12372e+07 0.272112
2.08911e+07 0.562187
2.07304e+07 0.375116
2.09775e+07 0.697211
1.99823e+07 0.609544
2.08553e+07 0.510577
2.05296e+07 1.00438
2.08579e+07 0.347591
2.11653e+07 0.733305
2.1015e+07 0.35722
2.07038e+07 0.341957
2.10886e+07 0.354921
2.12844e+07 0.282506
2.09687e+07 0.519213
2.06464e+07 0.498018
2.11306e+07 0.459595
2.06806e+07 0.562318
2.10954e+07 0.73981
2.08603e+07 1.13459
2.04382e+07 0.363568
2.14804e+07 0.427951
2.09718e+07 0.599423
2.11747e+07 0.359062
2.03794e+07 0.395182
2.08107e+07 0.23002
2.13174e+07 0.852374
2.08414e+07 0.476563
2.11153e+07 0.753735
2.10212e+07 0.589942
2.02783e+07 0.510975
2.08581e+07 0.721926
2.0666e+07 0.2885
2.07541e+07 0.212469
2.1228e+07 0.306793
2.12771e+07 0.341283
2.13641e+07 0.486026
2.11244e+07 0.413025
2.11269e+07 1.32908
2.12748e+07 0.479565
2.1145e+07 0.389123
2.08167e+07 0.657556
2.10349e+07 0.41506
2.07214e+07 0.335147
2.1021e+07 0.372161
2.09151e+07 0.427773
2.07808e+07 0.643072
2.04034e+07 0.397411
2.1122e+07 0.277044
2.08397e+07 0.429219
2.05845e+07 0.411322
2.09596e+07 0.284124
2.0896e+07 0.307476
2.12949e+07 0.428634
2.12685e+07 0.276103
2.05349e+07 0.451413
2.12787e+07 0.70931
2.12166e+07 0.504875
2.05196e+07 0.254548
2.08256e+07 0.290779
2.06591e+07 0.530518
2.11641e+07 0.775053
2.10668e+07 0.385665
2.11354e+07 0.559997
2.11096e+07 1.62533
