2.41263e+07 0.022094
2.41424e+07 0.026677
2.41498e+07 0.019296
2.43102e+07 0.02501
2.41087e+07 0.019052
2.42394e+07 0.025546
2.43443e+07 0.019087
2.49809e+07 0.020409
2.41234e+07 0.015911
2.42426e+07 0.026108
2.42173e+07 0.022066
2.41424e+07 0.015329
2.41231e+07 0.015417
2.42005e+07 0.017585
2.42304e+07 0.020588
2.42209e+07 0.016877
2.41353e+07 0.016543
2.42342e+07 0.017154
2.41523e+07 0.022624
2.42288e+07 0.019203
2.41359e+07 0.033921
2.48918e+07 0.017716
2.4261e+07 0.017115
2.4142e+07 0.020771
2.39645e+07 0.029759
2.42289e+07 0.015529
2.40072e+07 0.014149
2.42426e+07 0.020976
2.39645e+07 0.01809
2.4142e+07 0.032136
2.43027e+07 0.020132
2.42296e+07 0.016844
2.42347e+07 0.017386
2.41216e+07 0.02534
2.41216e+07 0.023578
2.41534e+07 0.026782
2.41424e+07 0.018387
2.43419e+07 0.017784
2.42142e+07 0.017203
2.4173e+07 0.017559
2.41849e+07 0.020992
2.41599e+07 0.017883
2.41385e+07 0.017241
2.41534e+07 0.015633
2.42454e+07 0.014924
2.41228e+07 0.019867
2.42195e+07 0.02235
2.414e+07 0.016054
2.4234e+07 0.025448
2.41361e+07 0.015416
2.42152e+07 0.018229
2.41177e+07 0.016183
2.42403e+07 0.015743
2.4247e+07 0.023004
2.40343e+07 0.016124
2.41216e+07 0.019425
2.41985e+07 0.015703
2.41391e+07 0.019389
2.41191e+07 0.017462
2.42818e+07 0.013627
2.41424e+07 0.0154
2.41484e+07 0.015514
2.414e+07 0.017251
2.42142e+07 0.022255
2.41455e+07 0.016014
2.41216e+07 0.013865
2.42183e+07 0.021985
2.42136e+07 0.022957
2.47799e+07 0.013358
2.41019e+07 0.017937
2.42134e+07 0.025165
2.40264e+07 0.015732
2.41302e+07 0.018999
2.43083e+07 0.020741
2.41317e+07 0.015522
2.4199e+07 0.021454
2.49979e+07 0.025493
2.43156e+07 0.019525
2.41133e+07 0.033145
2.40264e+07 0.017091
2.41191e+07 0.018542
2.40896e+07 0.017046
2.41359e+07 0.015295
2.43911e+07 0.020853
2.42847e+07 0.016775
2.42289e+07 0.021535
2.43319e+07 0.030176
2.40264e+07 0.022449
2.41441e+07 0.016518
2.41334e+07 0.019603
2.42302e+07 0.015961
2.42846e+07 0.016883
2.40398e+07 0.017473
2.41191e+07 0.022435
2.41511e+07 0.034798
2.42402e+07 0.017715
2.42426e+07 0.022985
2.41849e+07 0.014775
2.39912e+07 0.035758
2.42142e+07 0.016673
2.4199e+07 0.018338
2.42454e+07 0.028821
2.41774e+07 0.018372
2.41302e+07 0.023715
2.42402e+07 0.019279
2.42019e+07 0.021635
2.42173e+07 0.032068
2.41391e+07 0.015144
2.41385e+07 0.026796
2.42312e+07 0.013091
2.40353e+07 0.017554
2.40747e+07 0.01649
2.43083e+07 0.019423
2.42787e+07 0.020877
2.41222e+07 0.02025
2.41455e+07 0.036504
2.4199e+07 0.018757
2.41385e+07 0.019883
2.42195e+07 0.01912
2.41216e+07 0.019891
2.42426e+07 0.019804
2.41263e+07 0.016599
2.41302e+07 0.018575
2.41074e+07 0.018139
2.41316e+07 0.016979
2.42392e+07 0.016158
2.41216e+07 0.019755
2.41661e+07 0.02222
2.41408e+07 0.019733
2.40972e+07 0.019535
2.40343e+07 0.023438
2.4199e+07 0.018168
2.41359e+07 0.020456
2.5056e+07 0.020388
2.42576e+07 0.01782
2.42312e+07 0.01318
2.4224e+07 0.022659
2.42142e+07 0.020377
2.42183e+07 0.015347
2.41513e+07 0.019094
2.40747e+07 0.01924
2.42195e+07 0.015669
2.41263e+07 0.017263
2.41568e+07 0.012538
2.49112e+07 0.021357
2.42195e+07 0.018334
2.41234e+07 0.018465
2.42512e+07 0.014867
2.42327e+07 0.015082
2.41316e+07 0.019265
2.41263e+07 0.020509
2.4247e+07 0.017833
2.42187e+07 0.016824
2.42426e+07 0.016403
2.41623e+07 0.018908
2.41334e+07 0.025613
2.41327e+07 0.016271
2.42318e+07 0.020863
2.42232e+07 0.016046
2.42858e+07 0.013427
2.4133e+07 0.022552
2.40896e+07 0.01743
2.41494e+07 0.019164
2.42392e+07 0.017788
2.41202e+07 0.019724
2.40371e+07 0.018699
2.41191e+07 0.035005
2.41401e+07 0.021321
2.42346e+07 0.016099
2.41234e+07 0.022946
2.42439e+07 0.017825
2.42352e+07 0.022611
2.42098e+07 0.016303
2.41305e+07 0.018985
2.49935e+07 0.024673
2.4187e+07 0.030607
2.41603e+07 0.016602
2.41503e+07 0.027008
2.41417e+07 0.020899
2.42313e+07 0.018816
2.4224e+07 0.017096
2.52902e+07 0.02013
2.42556e+07 0.015386
2.40398e+07 0.018198
2.42352e+07 0.026726
2.41393e+07 0.023086
2.41494e+07 0.022234
2.41361e+07 0.030535
2.41074e+07 0.014141
2.42288e+07 0.019672
2.50002e+07 0.015712
2.41424e+07 0.021091
2.42419e+07 0.047276
2.40398e+07 0.028932
2.43214e+07 0.015562
2.42156e+07 0.015882
2.40398e+07 0.014579
2.40264e+07 0.017447
2.41569e+07 0.019033
2.4173e+07 0.016897
2.41954e+07 0.027705
2.42209e+07 0.016189
2.42183e+07 0.023014
2.426e+07 0.014772
2.42838e+07 0.021627
2.41391e+07 0.021616
2.43364e+07 0.014598
2.42383e+07 0.015017
2.42195e+07 0.015908
2.42511e+07 0.017484
2.41455e+07 0.024118
2.43156e+07 0.014326
2.41234e+07 0.025424
2.42195e+07 0.015957
2.42346e+07 0.030143
2.40264e+07 0.019175
2.41316e+07 0.015744
2.41282e+07 0.020444
2.41327e+07 0.020033
2.414e+07 0.014867
2.41191e+07 0.021863
2.41455e+07 0.018509
2.49e+07 0.018877
2.42134e+07 0.017192
2.41329e+07 0.021013
2.43106e+07 0.027183
2.41216e+07 0.019879
2.42834e+07 0.026649
2.40086e+07 0.017189
2.41424e+07 0.021834
2.42142e+07 0.01617
2.41263e+07 0.026786
2.42989e+07 0.019074
2.40398e+07 0.020224
2.42312e+07 0.021903
2.41133e+07 0.030283
2.4235e+07 0.021212
2.40072e+07 0.015606
2.4247e+07 0.018296
2.41359e+07 0.017679
2.42195e+07 0.022142
2.41191e+07 0.030495
2.42304e+07 0.02009
2.40398e+07 0.017181
2.42551e+07 0.022498
2.42098e+07 0.019641
2.41133e+07 0.015983
2.41334e+07 0.025155
2.42288e+07 0.018318
2.41511e+07 0.019818
2.49893e+07 0.020969
2.4234e+07 0.021917
2.42515e+07 0.022405
2.42837e+07 0.019345
2.43255e+07 0.016526
2.42183e+07 0.01745
2.41539e+07 0.033624
2.42134e+07 0.016935
2.4224e+07 0.015043
2.41327e+07 0.023903
2.4308e+07 0.0179
2.414e+07 0.017785
2.53242e+07 0.01715
2.41511e+07 0.01761
2.42402e+07 0.02496
2.41216e+07 0.015177
2.41177e+07 0.029255
2.41216e+07 0.016377
2.414e+07 0.022361
2.40264e+07 0.019076
2.41476e+07 0.0305
2.50019e+07 0.017879
2.42124e+07 0.018291
2.4234e+07 0.016691
2.42392e+07 0.020599
2.42142e+07 0.02072
2.4224e+07 0.022716
2.41263e+07 0.018325
2.54464e+07 0.01355
2.42511e+07 0.020613
2.40398e+07 0.016491
2.42313e+07 0.016675
2.41316e+07 0.017518
2.41374e+07 0.014369
2.42327e+07 0.015193
2.41177e+07 0.019684
2.50651e+07 0.025009
2.42173e+07 0.016332
2.4224e+07 0.016739
2.52786e+07 0.0188
2.43443e+07 0.019102
2.41745e+07 0.015045
2.42342e+07 0.025296
2.42312e+07 0.014874
2.39645e+07 0.016613
2.39645e+07 0.018227
2.40264e+07 0.031
2.42107e+07 0.01653
2.42306e+07 0.014928
2.42312e+07 0.020548
2.41498e+07 0.025628
2.42403e+07 0.017842
2.41074e+07 0.016878
2.41191e+07 0.017659
2.43067e+07 0.024854
2.42314e+07 0.01673
2.41193e+07 0.016225
2.40353e+07 0.029855
2.4199e+07 0.025464
2.40072e+07 0.020077
2.41424e+07 0.019168
2.42209e+07 0.016919
2.41177e+07 0.019899
2.39912e+07 0.019345
2.43235e+07 0.017501
2.42134e+07 0.017004
2.41019e+07 0.013918
2.42402e+07 0.018748
2.42142e+07 0.021511
2.41835e+07 0.015451
2.41216e+07 0.023188
2.41455e+07 0.026583
2.47711e+07 0.021405
2.42243e+07 0.017424
2.4184e+07 0.024504
2.4235e+07 0.01846
2.39912e+07 0.018767
2.43092e+07 0.023195
2.41401e+07 0.023025
2.41535e+07 0.014403
2.41363e+07 0.021648
2.41263e+07 0.027365
2.43623e+07 0.0208
2.42145e+07 0.017979
2.42515e+07 0.013938
2.41216e+07 0.022784
2.50247e+07 0.018857
2.41393e+07 0.022822
2.43056e+07 0.014953
2.42313e+07 0.025605
2.42392e+07 0.015602
2.41177e+07 0.022216
2.43035e+07 0.025579
2.41327e+07 0.014451
2.41327e+07 0.026833
2.42901e+07 0.014663
2.41393e+07 0.021995
2.48757e+07 0.013796
2.4149e+07 0.014351
2.40398e+07 0.015758
2.48965e+07 0.018164
2.49321e+07 0.013755
2.4224e+07 0.020652
2.40856e+07 0.021147
2.42289e+07 0.015986
2.41002e+07 0.014245
2.43424e+07 0.023092
2.40844e+07 0.02036
2.41074e+07 0.027666
2.41424e+07 0.018871
2.41493e+07 0.017406
2.4113e+07 0.02324
2.41401e+07 0.02196
2.41424e+07 0.021609
2.43424e+07 0.017153
2.41216e+07 0.021008
2.41455e+07 0.022534
2.41263e+07 0.027933
2.42572e+07 0.018735
2.42098e+07 0.019261
2.40918e+07 0.019486
2.42067e+07 0.025121
2.49933e+07 0.017245
2.42314e+07 0.016688
2.43125e+07 0.023013
2.41316e+07 0.020161
2.42134e+07 0.01926
2.42288e+07 0.018553
2.40232e+07 0.016967
2.41177e+07 0.024353
2.40892e+07 0.018995
2.42312e+07 0.022639
2.41424e+07 0.01797
2.41216e+07 0.020462
2.40321e+07 0.021264
2.42085e+07 0.017794
2.41511e+07 0.020636
2.40892e+07 0.01641
2.41074e+07 0.017076
2.42926e+07 0.017911
2.41316e+07 0.015722
2.42224e+07 0.018081
2.43083e+07 0.018479
2.41191e+07 0.018003
2.41363e+07 0.02128
2.41312e+07 0.015017
2.40856e+07 0.018465
2.41637e+07 0.020865
2.4892e+07 0.019831
2.4199e+07 0.016625
2.42312e+07 0.0178
2.41539e+07 0.025844
2.43083e+07 0.02201
2.42965e+07 0.015602
2.4205e+07 0.016694
2.41234e+07 0.01837
2.42839e+07 0.020533
2.41424e+07 0.023619
2.42469e+07 0.027301
2.40134e+07 0.016884
2.41975e+07 0.025269
2.40134e+07 0.019384
2.42209e+07 0.023746
2.41002e+07 0.016687
2.42797e+07 0.026858
2.41234e+07 0.019888
2.42183e+07 0.021378
2.41234e+07 0.017844
2.42098e+07 0.025662
2.41087e+07 0.020675
2.41385e+07 0.015743
2.53175e+07 0.016438
2.40343e+07 0.021032
2.42406e+07 0.020579
2.42419e+07 0.016322
2.41648e+07 0.014272
2.414e+07 0.020068
2.42394e+07 0.015971
2.40892e+07 0.01891
2.42403e+07 0.018601
2.42551e+07 0.021134
2.42195e+07 0.022511
2.40072e+07 0.024312
2.4235e+07 0.014763
2.40398e+07 0.026525
2.49696e+07 0.019897
2.42346e+07 0.017244
2.41316e+07 0.033758
2.4113e+07 0.019983
2.4149e+07 0.025393
2.43917e+07 0.019156
2.40398e+07 0.020996
2.41385e+07 0.023624
2.4285e+07 0.017375
2.4127e+07 0.028381
2.42454e+07 0.020041
2.40398e+07 0.027317
2.42306e+07 0.015351
2.42314e+07 0.018115
2.42383e+07 0.014475
2.42183e+07 0.018661
2.41141e+07 0.020712
2.40072e+07 0.020662
2.41521e+07 0.014391
2.42134e+07 0.016222
2.42234e+07 0.019429
2.5255e+07 0.019411
2.42289e+07 0.016389
2.42832e+07 0.022849
2.42209e+07 0.016822
2.40291e+07 0.017708
2.42134e+07 0.023844
2.42195e+07 0.015785
2.42394e+07 0.026198
2.49444e+07 0.013234
2.43036e+07 0.013577
2.42312e+07 0.017188
2.42511e+07 0.025185
2.42394e+07 0.017479
2.41263e+07 0.016809
2.50303e+07 0.019515
2.42288e+07 0.019647
2.40595e+07 0.022343
2.41385e+07 0.022507
2.41443e+07 0.016002
2.42394e+07 0.016716
2.41317e+07 0.029894
2.42821e+07 0.016997
2.414e+07 0.017218
2.40686e+07 0.019312
2.42515e+07 0.020376
2.42288e+07 0.015949
2.49827e+07 0.024712
2.40892e+07 0.026998
2.43214e+07 0.019163
2.4224e+07 0.015521
2.41159e+07 0.018335
2.41142e+07 0.014686
2.41216e+07 0.022694
2.42406e+07 0.018053
2.41191e+07 0.018147
2.42173e+07 0.02683
2.42419e+07 0.014717
2.42454e+07 0.014704
2.42469e+07 0.02204
2.41455e+07 0.018841
2.39912e+07 0.023653
2.42009e+07 0.012699
2.4224e+07 0.016648
2.42302e+07 0.016693
