2.43024e+07 0.01516
2.42104e+07 0.004053
2.41862e+07 0.008884
2.43395e+07 0.009044
2.4997e+07 0.005403
2.42924e+07 0.022642
2.43931e+07 0.008429
2.49958e+07 0.015959
2.41783e+07 0.004804
2.41897e+07 0.018334
2.4871e+07 0.020219
2.42796e+07 0.008146
2.42152e+07 0.005754
2.42015e+07 0.008402
2.43002e+07 0.007683
2.50252e+07 0.00766
2.42054e+07 0.011275
2.49766e+07 0.010548
2.41789e+07 0.016262
2.43272e+07 0.008215
2.48872e+07 0.016765
2.42854e+07 0.01201
2.4261e+07 0.006083
2.47439e+07 0.006518
2.49878e+07 0.019507
2.42686e+07 0.008799
2.43154e+07 0.004714
2.4395e+07 0.012695
2.4796e+07 0.005036
2.4249e+07 0.008058
2.42934e+07 0.01324
2.43288e+07 0.010529
2.42887e+07 0.005183
2.42075e+07 0.021716
2.43807e+07 0.009415
2.41971e+07 0.007577
2.41645e+07 0.008346
2.43478e+07 0.009568
2.50194e+07 0.003989
2.41641e+07 0.01882
2.53794e+07 0.007803
2.42186e+07 0.007072
2.49338e+07 0.00826
2.54654e+07 0.00636
2.53941e+07 0.006502
2.4197e+07 0.010327
2.43021e+07 0.01454
2.42441e+07 0.008683
2.43823e+07 0.016862
2.41875e+07 0.005544
2.40567e+07 0.013246
2.42201e+07 0.008098
2.42493e+07 0.011109
2.43115e+07 0.007101
2.47769e+07 0.006325
2.41914e+07 0.004778
2.42254e+07 0.004913
2.48717e+07 0.012348
2.51372e+07 0.00949
2.42824e+07 0.014852
2.50352e+07 0.004267
2.42135e+07 0.005969
2.42546e+07 0.006592
2.42305e+07 0.005372
2.41578e+07 0.006178
2.41884e+07 0.009857
2.42323e+07 0.016662
2.4254e+07 0.006047
2.4801e+07 0.005719
2.46882e+07 0.010174
2.48985e+07 0.004747
2.41279e+07 0.014869
2.41698e+07 0.004287
2.50393e+07 0.004713
2.4162e+07 0.008362
2.53547e+07 0.013795
2.42861e+07 0.011869
2.43169e+07 0.007218
2.40937e+07 0.018644
2.502e+07 0.018558
2.42236e+07 0.004921
2.42802e+07 0.009854
2.42879e+07 0.005744
2.41643e+07 0.01471
2.42716e+07 0.004086
2.42071e+07 0.013139
2.49251e+07 0.020162
2.42984e+07 0.01846
2.49608e+07 0.005958
2.41859e+07 0.01172
2.53762e+07 0.009211
2.42258e+07 0.00553
2.42035e+07 0.009191
2.4154e+07 0.007614
2.42202e+07 0.011566
2.41866e+07 0.005115
2.42929e+07 0.007096
2.42616e+07 0.005658
2.43092e+07 0.012353
2.41514e+07 0.006105
2.48692e+07 0.011878
2.54126e+07 0.021188
2.41891e+07 0.017798
2.53485e+07 0.012229
2.42795e+07 0.007531
2.43358e+07 0.005097
2.48836e+07 0.013496
2.47555e+07 0.004235
2.41544e+07 0.017624
2.49013e+07 0.006741
2.50048e+07 0.008346
2.43008e+07 0.007268
2.4425e+07 0.006299
2.41773e+07 0.012161
2.41563e+07 0.012674
2.4925e+07 0.02121
2.5003e+07 0.008497
2.53717e+07 0.020601
2.48726e+07 0.006201
2.52984e+07 0.014464
2.41507e+07 0.018855
2.42911e+07 0.006925
2.41655e+07 0.007677
2.41661e+07 0.020253
2.41986e+07 0.007352
2.4915e+07 0.007235
2.41995e+07 0.01031
2.41646e+07 0.008813
2.40633e+07 0.006351
2.41048e+07 0.009649
2.41602e+07 0.013586
2.42884e+07 0.007503
2.41904e+07 0.011069
2.41622e+07 0.012583
2.432e+07 0.007777
2.49753e+07 0.007652
2.4277e+07 0.008683
2.42894e+07 0.016559
2.42298e+07 0.007643
2.49432e+07 0.016183
2.43137e+07 0.007673
2.4284e+07 0.005882
2.42831e+07 0.00544
2.51024e+07 0.004753
2.42712e+07 0.00961
2.42198e+07 0.006494
2.41566e+07 0.008994
2.52699e+07 0.009163
2.51493e+07 0.005005
2.4324e+07 0.006084
2.4922e+07 0.01224
2.4899e+07 0.014615
2.4165e+07 0.007987
2.43036e+07 0.017723
2.4206e+07 0.006016
2.42761e+07 0.021967
2.42772e+07 0.005452
2.42325e+07 0.011867
2.42794e+07 0.01839
2.42601e+07 0.005819
2.42343e+07 0.009665
2.42164e+07 0.005212
2.42059e+07 0.007215
2.50112e+07 0.006831
2.5289e+07 0.008063
2.51557e+07 0.006845
2.4224e+07 0.019345
2.4249e+07 0.003776
2.41474e+07 0.011945
2.50672e+07 0.012738
2.53739e+07 0.014958
2.41506e+07 0.00577
2.43487e+07 0.011221
2.41818e+07 0.007649
2.53437e+07 0.009988
2.41811e+07 0.020817
2.49051e+07 0.005022
2.42184e+07 0.015242
2.50227e+07 0.012319
2.40938e+07 0.008163
2.42357e+07 0.0108
2.43109e+07 0.005811
2.43155e+07 0.011815
2.43902e+07 0.006362
2.51036e+07 0.015186
2.49006e+07 0.00954
2.42592e+07 0.011434
2.42602e+07 0.004021
2.49441e+07 0.006188
2.42621e+07 0.007253
2.49501e+07 0.004803
2.42623e+07 0.013853
2.42858e+07 0.00588
2.423e+07 0.017884
2.43421e+07 0.004737
2.4211e+07 0.010099
2.40584e+07 0.005222
2.48872e+07 0.007236
2.41661e+07 0.010863
2.4173e+07 0.007336
2.50078e+07 0.018335
2.50372e+07 0.004899
2.49411e+07 0.011321
2.42367e+07 0.006034
2.42842e+07 0.004855
2.4096e+07 0.012944
2.50223e+07 0.004728
2.42724e+07 0.003793
2.42977e+07 0.006118
2.43013e+07 0.012274
2.42029e+07 0.011698
2.50851e+07 0.005016
2.42142e+07 0.015387
2.43173e+07 0.014884
2.42941e+07 0.01959
2.41807e+07 0.008557
2.42065e+07 0.006377
2.41873e+07 0.010024
2.41873e+07 0.009668
2.43689e+07 0.006817
2.48849e+07 0.005454
2.42893e+07 0.0109
2.49216e+07 0.00554
2.41595e+07 0.007995
2.41859e+07 0.011428
2.50163e+07 0.011581
2.42584e+07 0.007623
2.43179e+07 0.013947
2.49202e+07 0.006725
2.41838e+07 0.009967
2.50218e+07 0.0067
2.48965e+07 0.009079
2.42236e+07 0.00781
2.47869e+07 0.014827
2.49981e+07 0.006725
2.41706e+07 0.017351
2.40575e+07 0.009716
2.42152e+07 0.006577
2.48986e+07 0.00706
2.41883e+07 0.004923
2.43356e+07 0.008494
2.42371e+07 0.004779
2.53022e+07 0.010467
2.4833e+07 0.007
2.54461e+07 0.009239
2.48677e+07 0.015744
2.42027e+07 0.005551
2.42245e+07 0.014927
2.43454e+07 0.006663
2.48689e+07 0.007669
2.50211e+07 0.004508
2.42228e+07 0.007994
2.4305e+07 0.014921
2.43194e+07 0.007497
2.4127e+07 0.006168
2.42016e+07 0.004704
2.43122e+07 0.013753
2.43846e+07 0.00557
2.53361e+07 0.013045
2.48913e+07 0.010951
2.42941e+07 0.006296
2.41951e+07 0.007984
2.4227e+07 0.013127
2.43093e+07 0.01234
2.41968e+07 0.018576
2.43409e+07 0.00587
2.4202e+07 0.005971
2.42885e+07 0.012171
2.42096e+07 0.013053
2.52492e+07 0.006832
2.4148e+07 0.006284
2.50032e+07 0.005391
2.42204e+07 0.015364
2.42946e+07 0.00765
2.42169e+07 0.010193
2.48966e+07 0.018586
2.41256e+07 0.017101
2.42496e+07 0.007435
2.50227e+07 0.011523
2.40821e+07 0.020661
2.42184e+07 0.007411
2.43071e+07 0.007328
2.43834e+07 0.006231
2.41307e+07 0.006219
2.43228e+07 0.005007
2.41938e+07 0.005798
2.49229e+07 0.011216
2.43279e+07 0.008612
2.48753e+07 0.006365
2.41955e+07 0.011322
2.4436e+07 0.01107
2.43535e+07 0.005086
2.52991e+07 0.020137
2.5022e+07 0.006522
2.40552e+07 0.024402
2.40292e+07 0.007403
2.49881e+07 0.019934
2.54389e+07 0.006707
2.43836e+07 0.012104
2.49795e+07 0.006912
2.41936e+07 0.008179
2.42204e+07 0.011653
2.48476e+07 0.00788
2.42216e+07 0.01195
2.40644e+07 0.011175
2.42933e+07 0.011365
2.41732e+07 0.004443
2.40575e+07 0.005915
2.41745e+07 0.013714
2.42788e+07 0.017908
2.40837e+07 0.005814
2.49108e+07 0.018344
2.42274e+07 0.004458
2.41737e+07 0.006487
2.42088e+07 0.006442
2.43007e+07 0.030386
2.42968e+07 0.00508
2.42876e+07 0.012672
2.42217e+07 0.008539
2.41835e+07 0.005231
2.42173e+07 0.008544
2.43244e+07 0.012818
2.48165e+07 0.016472
2.42571e+07 0.009098
2.4184e+07 0.009912
2.48068e+07 0.014752
2.4018e+07 0.006492
2.43184e+07 0.008564
2.43234e+07 0.018088
2.41585e+07 0.004103
2.41941e+07 0.004979
2.42243e+07 0.010964
2.43623e+07 0.006871
2.42112e+07 0.009435
2.4279e+07 0.00859
2.42151e+07 0.007854
2.43262e+07 0.012975
2.42358e+07 0.013635
2.4309e+07 0.013055
2.44347e+07 0.013867
2.42451e+07 0.004393
2.42847e+07 0.013875
2.49093e+07 0.007408
2.48749e+07 0.005118
2.43105e+07 0.008423
2.42901e+07 0.008621
2.43212e+07 0.010685
2.41762e+07 0.012186
2.49516e+07 0.004512
2.49083e+07 0.00858
2.48965e+07 0.008949
2.43301e+07 0.007014
2.49499e+07 0.009376
2.49461e+07 0.008192
2.49706e+07 0.005969
2.43044e+07 0.007401
2.52904e+07 0.009175
2.40844e+07 0.008542
2.49797e+07 0.00634
2.4214e+07 0.012965
2.42237e+07 0.00449
2.41909e+07 0.006337
2.42517e+07 0.01507
2.42413e+07 0.015072
2.50099e+07 0.009557
2.43034e+07 0.009457
2.51352e+07 0.0095
2.50643e+07 0.015333
2.4255e+07 0.00677
2.4395e+07 0.016714
2.40918e+07 0.007013
2.4285e+07 0.015903
2.50136e+07 0.005465
2.41956e+07 0.00993
2.43125e+07 0.007972
2.41818e+07 0.008775
2.42445e+07 0.007057
2.50434e+07 0.007203
2.40662e+07 0.012531
2.49152e+07 0.006385
2.42771e+07 0.006182
2.43552e+07 0.017089
2.50195e+07 0.009934
2.42389e+07 0.007955
2.50459e+07 0.008745
2.53372e+07 0.01404
2.50558e+07 0.004704
2.42946e+07 0.004613
2.48735e+07 0.005849
2.42964e+07 0.008699
2.42257e+07 0.005051
2.43001e+07 0.009651
2.51126e+07 0.004543
2.42043e+07 0.005108
2.43072e+07 0.014496
2.41324e+07 0.00504
2.43829e+07 0.008867
2.42054e+07 0.015488
2.4185e+07 0.008844
2.42501e+07 0.005571
2.48525e+07 0.00644
2.43148e+07 0.007429
2.50203e+07 0.009329
2.50381e+07 0.016874
2.41365e+07 0.0132
2.4182e+07 0.016306
2.41889e+07 0.014311
2.43614e+07 0.008884
2.42392e+07 0.009548
2.4213e+07 0.005367
2.4175e+07 0.018711
2.426e+07 0.007029
2.41961e+07 0.012263
2.41914e+07 0.012886
2.4258e+07 0.015542
2.48649e+07 0.006662
2.43073e+07 0.008231
2.41922e+07 0.008075
2.49486e+07 0.007316
2.42976e+07 0.014593
2.42033e+07 0.012727
2.50805e+07 0.011743
2.48788e+07 0.014389
2.42573e+07 0.010025
2.49532e+07 0.011806
2.49221e+07 0.004407
2.42244e+07 0.006711
2.43065e+07 0.009261
2.49192e+07 0.006728
2.49188e+07 0.022286
2.43003e+07 0.010838
2.42366e+07 0.015159
2.48e+07 0.005141
2.48474e+07 0.014145
2.49421e+07 0.013849
2.50205e+07 0.004032
2.4207e+07 0.016925
2.41861e+07 0.027276
2.52637e+07 0.004938
2.42313e+07 0.015952
2.42537e+07 0.004421
2.41919e+07 0.007116
2.47909e+07 0.007352
2.50557e+07 0.007243
2.53253e+07 0.020603
2.4304e+07 0.006514
2.40628e+07 0.013783
2.48902e+07 0.007604
2.51905e+07 0.00789
2.42718e+07 0.004772
2.43009e+07 0.01634
2.41661e+07 0.011433
2.47507e+07 0.004071
2.44076e+07 0.004619
2.43208e+07 0.007894
2.42504e+07 0.010528
2.52949e+07 0.008503
2.42985e+07 0.007444
2.41956e+07 0.007097
2.42078e+07 0.011408
2.49471e+07 0.00831
2.54148e+07 0.016717
2.41653e+07 0.004535
2.42992e+07 0.018068
2.49613e+07 0.004527
2.43036e+07 0.012748
2.54435e+07 0.012641
2.48786e+07 0.010637
2.42898e+07 0.006293
2.41487e+07 0.0077
2.53354e+07 0.018072
2.43127e+07 0.022445
2.42506e+07 0.012476
2.49257e+07 0.004596
2.42943e+07 0.00746
2.42517e+07 0.012924
2.50188e+07 0.023338
2.42645e+07 0.00551
2.4981e+07 0.008254
2.40612e+07 0.009506
2.42975e+07 0.021885
2.43367e+07 0.004947
2.43194e+07 0.019796
2.41474e+07 0.008117
2.4228e+07 0.005041
2.48933e+07 0.010498
2.41159e+07 0.009592
2.49984e+07 0.007369
2.49756e+07 0.00548
2.54721e+07 0.00592
2.42722e+07 0.011596
2.48543e+07 0.013924
2.48928e+07 0.012695
2.43536e+07 0.004921
2.48792e+07 0.01124
2.41775e+07 0.0072
2.48005e+07 0.006036
2.43138e+07 0.010852
2.50124e+07 0.009168
2.48771e+07 0.004784
