2.49306e+07 0.005831
2.42178e+07 0.006471
2.49759e+07 0.00844
2.42106e+07 0.009605
2.41885e+07 0.011564
2.48064e+07 0.007663
2.40428e+07 0.004892
2.4096e+07 0.01565
2.48966e+07 0.008146
2.51087e+07 0.00564
2.41988e+07 0.01861
2.42192e+07 0.004946
2.42133e+07 0.010032
2.42775e+07 0.012808
2.42569e+07 0.014619
2.41543e+07 0.010254
2.52882e+07 0.007309
2.49315e+07 0.0175
2.41104e+07 0.004694
2.43092e+07 0.013855
2.49598e+07 0.019736
2.53016e+07 0.007411
2.42053e+07 0.00737
2.43126e+07 0.008698
2.53408e+07 0.016367
2.54039e+07 0.006819
2.42104e+07 0.012227
2.49856e+07 0.006503
2.42815e+07 0.010889
2.42325e+07 0.006561
2.49094e+07 0.005274
2.52145e+07 0.008151
2.50261e+07 0.005602
2.41784e+07 0.015119
2.4165e+07 0.015444
2.41795e+07 0.005931
2.42602e+07 0.01896
2.44224e+07 0.014135
2.41956e+07 0.014994
2.42296e+07 0.004366
2.492e+07 0.012615
2.42079e+07 0.006143
2.41318e+07 0.004833
2.49124e+07 0.011097
2.42623e+07 0.008201
2.49459e+07 0.006341
2.50515e+07 0.009008
2.4818e+07 0.010592
2.49604e+07 0.006656
2.42e+07 0.016589
2.52477e+07 0.005347
2.52248e+07 0.011049
2.49628e+07 0.007783
2.53909e+07 0.013744
2.41495e+07 0.010505
2.5046e+07 0.011003
2.41857e+07 0.005534
2.41842e+07 0.007728
2.49788e+07 0.008268
2.41807e+07 0.015427
2.42023e+07 0.012691
2.42027e+07 0.00894
2.44133e+07 0.007717
2.42426e+07 0.009636
2.4866e+07 0.012243
2.48763e+07 0.005953
2.43371e+07 0.012425
2.42693e+07 0.0149
2.53497e+07 0.004859
2.50438e+07 0.004489
2.49234e+07 0.004817
2.43171e+07 0.01645
2.42594e+07 0.012546
2.4293e+07 0.005944
2.50466e+07 0.020803
2.40308e+07 0.013662
2.49094e+07 0.004806
2.53589e+07 0.01125
2.40718e+07 0.01974
2.42543e+07 0.004094
2.43971e+07 0.012785
2.47919e+07 0.005321
2.43063e+07 0.007495
2.42818e+07 0.009414
2.49287e+07 0.005878
2.41887e+07 0.014213
2.51144e+07 0.004256
2.41314e+07 0.010028
2.42325e+07 0.009584
2.42531e+07 0.004625
2.42537e+07 0.010587
2.42846e+07 0.012584
2.41441e+07 0.006233
2.49057e+07 0.013582
2.49241e+07 0.016641
2.47979e+07 0.008752
2.53298e+07 0.007237
2.4373e+07 0.008067
2.41956e+07 0.006545
2.49325e+07 0.008824
2.43944e+07 0.016523
2.49524e+07 0.010293
2.42622e+07 0.004326
2.44281e+07 0.005429
2.54382e+07 0.00743
2.42123e+07 0.012142
2.50003e+07 0.010258
2.53006e+07 0.006389
2.51054e+07 0.006253
2.48585e+07 0.008336
2.52895e+07 0.006602
2.42029e+07 0.01332
2.42865e+07 0.01277
2.4204e+07 0.005253
2.49298e+07 0.017953
2.49642e+07 0.013733
2.42958e+07 0.006545
2.49322e+07 0.015745
2.41569e+07 0.008796
2.49213e+07 0.015767
2.4938e+07 0.012248
2.42311e+07 0.006646
2.51302e+07 0.006479
2.42039e+07 0.010175
2.42368e+07 0.009721
2.43275e+07 0.007379
2.41607e+07 0.0056
2.4272e+07 0.005577
2.42603e+07 0.012476
2.44398e+07 0.012185
2.43544e+07 0.009445
2.42012e+07 0.013994
2.50415e+07 0.011845
2.4168e+07 0.00688
2.49236e+07 0.006463
2.43022e+07 0.005046
2.50194e+07 0.011844
2.42916e+07 0.004993
2.50305e+07 0.014522
2.41935e+07 0.009978
2.42387e+07 0.008455
2.41803e+07 0.012893
2.42406e+07 0.004756
2.47471e+07 0.005539
2.42039e+07 0.016914
2.4208e+07 0.014285
2.43252e+07 0.010063
2.50114e+07 0.0056
2.41537e+07 0.005604
2.43527e+07 0.016514
2.42127e+07 0.010512
2.42859e+07 0.004388
2.48834e+07 0.009363
2.42439e+07 0.005581
2.43489e+07 0.005913
2.42739e+07 0.005955
2.4186e+07 0.006519
2.41896e+07 0.009446
2.50243e+07 0.011144
2.42448e+07 0.011341
2.49358e+07 0.014412
2.41802e+07 0.005235
2.41764e+07 0.007617
2.41649e+07 0.009976
2.41632e+07 0.006947
2.49736e+07 0.007062
2.41758e+07 0.012202
2.50533e+07 0.007089
2.43633e+07 0.010354
2.43376e+07 0.009341
2.41595e+07 0.004247
2.42315e+07 0.006406
2.42679e+07 0.009826
2.41121e+07 0.015615
2.43502e+07 0.00537
2.40538e+07 0.007599
2.42684e+07 0.012517
2.4336e+07 0.006055
2.42845e+07 0.004469
2.41886e+07 0.007408
2.43983e+07 0.006308
2.43115e+07 0.007181
2.49739e+07 0.012413
2.43123e+07 0.016996
2.476e+07 0.004304
2.4414e+07 0.006544
2.50978e+07 0.017065
2.4322e+07 0.011185
2.42587e+07 0.004654
2.42445e+07 0.011318
2.49409e+07 0.008576
2.42329e+07 0.00797
2.42249e+07 0.01905
2.42886e+07 0.011793
2.43859e+07 0.010767
2.50284e+07 0.008044
2.43181e+07 0.010243
2.50457e+07 0.007673
2.4915e+07 0.010219
2.42244e+07 0.013522
2.54255e+07 0.004532
2.49986e+07 0.00872
2.42679e+07 0.003839
2.48915e+07 0.007778
2.47869e+07 0.012414
2.41503e+07 0.016479
2.42789e+07 0.027105
2.542e+07 0.004038
2.4178e+07 0.005706
2.52565e+07 0.01269
2.48891e+07 0.006183
2.40998e+07 0.006216
2.41367e+07 0.014898
2.53571e+07 0.012544
2.42212e+07 0.006911
2.53195e+07 0.012477
2.53608e+07 0.004038
2.5037e+07 0.006102
2.47742e+07 0.009237
2.42378e+07 0.008719
2.49192e+07 0.00609
2.52848e+07 0.011846
2.49956e+07 0.009211
2.41527e+07 0.010853
2.43956e+07 0.016874
2.42103e+07 0.005606
2.43059e+07 0.013181
2.50703e+07 0.015849
2.43134e+07 0.008386
2.41519e+07 0.008077
2.49954e+07 0.007462
2.43729e+07 0.006319
2.49135e+07 0.007519
2.42887e+07 0.017889
2.4222e+07 0.00481
2.4908e+07 0.004405
2.49742e+07 0.006384
2.43053e+07 0.015504
2.43117e+07 0.009236
2.42346e+07 0.00659
2.49963e+07 0.009412
2.41438e+07 0.012081
2.42362e+07 0.007365
2.49654e+07 0.013581
2.42506e+07 0.014293
2.41716e+07 0.019659
2.49431e+07 0.014437
2.41509e+07 0.005541
2.41482e+07 0.0081
2.42781e+07 0.005079
2.53121e+07 0.006768
2.41874e+07 0.007283
2.4054e+07 0.011944
2.42769e+07 0.00744
2.53517e+07 0.028258
2.49087e+07 0.01326
2.44054e+07 0.007592
2.48997e+07 0.010415
2.49605e+07 0.005681
2.42938e+07 0.009242
2.42149e+07 0.009168
2.42084e+07 0.017569
2.42515e+07 0.005078
2.54328e+07 0.031658
2.41448e+07 0.026043
2.40651e+07 0.004245
2.47866e+07 0.005668
2.53806e+07 0.006051
2.42347e+07 0.029252
2.42734e+07 0.008684
2.53696e+07 0.010203
2.42857e+07 0.006228
2.49558e+07 0.014831
2.4312e+07 0.006322
2.42162e+07 0.009899
2.49195e+07 0.006114
2.41839e+07 0.00709
2.54639e+07 0.015075
2.42089e+07 0.004959
2.49209e+07 0.008118
2.48938e+07 0.013236
2.4975e+07 0.011063
2.47974e+07 0.007261
2.43312e+07 0.012764
2.42011e+07 0.009932
2.40774e+07 0.008136
2.43644e+07 0.007816
2.42981e+07 0.00989
2.42088e+07 0.010232
2.53363e+07 0.014804
2.49206e+07 0.018314
2.50409e+07 0.014683
2.4908e+07 0.005082
2.48198e+07 0.013923
2.42148e+07 0.008779
2.41559e+07 0.010279
2.43097e+07 0.004678
2.41881e+07 0.004898
2.50002e+07 0.017708
2.47732e+07 0.00499
2.49979e+07 0.005307
2.49142e+07 0.014107
2.52918e+07 0.007307
2.52674e+07 0.010885
2.41684e+07 0.007245
2.42398e+07 0.015338
2.4242e+07 0.01019
2.48583e+07 0.006834
2.43247e+07 0.007463
2.48977e+07 0.009272
2.47907e+07 0.008601
2.48951e+07 0.018569
2.48752e+07 0.005081
2.42442e+07 0.010577
2.42094e+07 0.01257
2.41717e+07 0.023758
2.5004e+07 0.011947
2.41656e+07 0.005313
2.41763e+07 0.010386
2.42028e+07 0.007234
2.43062e+07 0.005105
2.47928e+07 0.013284
2.42566e+07 0.006148
2.43009e+07 0.00441
2.4205e+07 0.020267
2.41677e+07 0.007554
2.50863e+07 0.007114
2.54122e+07 0.011568
2.42807e+07 0.007508
2.41713e+07 0.008014
2.42533e+07 0.007023
2.49999e+07 0.018757
2.54164e+07 0.016594
2.49877e+07 0.006998
2.42034e+07 0.007722
2.48982e+07 0.019061
2.48243e+07 0.009081
2.4987e+07 0.006615
2.41989e+07 0.004161
2.51011e+07 0.007882
2.4292e+07 0.014201
2.48657e+07 0.008363
2.42265e+07 0.014864
2.50006e+07 0.008185
2.42939e+07 0.007378
2.49833e+07 0.010594
2.53589e+07 0.009024
2.48997e+07 0.004241
2.4051e+07 0.005358
2.44303e+07 0.006217
2.41744e+07 0.019913
2.48569e+07 0.010508
2.41986e+07 0.005751
2.44417e+07 0.005553
2.42599e+07 0.015727
2.42268e+07 0.010967
2.42179e+07 0.008121
2.41482e+07 0.013947
2.4285e+07 0.013321
2.42503e+07 0.016545
2.41645e+07 0.0092
2.41613e+07 0.005464
2.48784e+07 0.007352
2.42723e+07 0.009283
2.49953e+07 0.004408
2.48713e+07 0.014115
2.40363e+07 0.013599
2.42649e+07 0.006916
2.50225e+07 0.019687
2.49908e+07 0.005313
2.42106e+07 0.014309
2.54721e+07 0.006203
2.4209e+07 0.006967
2.41882e+07 0.009933
2.42055e+07 0.007536
2.5303e+07 0.010191
2.50442e+07 0.004826
2.42905e+07 0.010454
2.48822e+07 0.00737
2.43154e+07 0.005023
2.49392e+07 0.009039
2.41715e+07 0.005084
2.43871e+07 0.015712
2.4345e+07 0.006178
2.42088e+07 0.008335
2.48048e+07 0.011309
2.49457e+07 0.007795
2.42982e+07 0.00896
2.43174e+07 0.005158
2.48728e+07 0.009131
2.41968e+07 0.005617
2.48657e+07 0.012032
2.43452e+07 0.011408
2.49242e+07 0.004137
2.42118e+07 0.01128
2.54177e+07 0.004729
2.40792e+07 0.004113
2.42408e+07 0.007601
2.42323e+07 0.005426
2.42901e+07 0.006258
2.48797e+07 0.023054
2.53184e+07 0.007244
2.43222e+07 0.010214
2.42648e+07 0.006798
2.42199e+07 0.007582
2.49639e+07 0.006277
2.49985e+07 0.004947
2.41957e+07 0.008636
2.42978e+07 0.010688
2.43153e+07 0.008049
2.48696e+07 0.011077
2.49005e+07 0.018398
2.50074e+07 0.011749
2.42487e+07 0.005835
2.42025e+07 0.017655
2.52815e+07 0.010501
2.50017e+07 0.022392
2.48914e+07 0.006322
2.42734e+07 0.016066
2.49445e+07 0.009127
2.41563e+07 0.012168
2.4157e+07 0.007164
2.42036e+07 0.01176
2.49279e+07 0.008753
2.41277e+07 0.004058
2.41795e+07 0.00568
2.43751e+07 0.00756
2.5412e+07 0.007541
2.41923e+07 0.01327
2.54747e+07 0.008134
2.42709e+07 0.021676
2.54058e+07 0.005268
2.43288e+07 0.005879
2.43327e+07 0.011618
2.43004e+07 0.007035
2.52403e+07 0.01317
2.4203e+07 0.005993
2.49397e+07 0.009219
2.49724e+07 0.007382
2.49983e+07 0.016266
2.49318e+07 0.007628
2.48098e+07 0.015778
2.42532e+07 0.008728
2.50662e+07 0.008937
2.47424e+07 0.005091
2.49305e+07 0.013172
2.4882e+07 0.005517
2.42103e+07 0.014984
2.42088e+07 0.005117
2.42431e+07 0.0061
2.42438e+07 0.004073
2.41717e+07 0.008669
2.47507e+07 0.006824
2.42478e+07 0.019998
2.43837e+07 0.006047
2.49848e+07 0.012379
2.41338e+07 0.009297
2.41015e+07 0.011782
2.5033e+07 0.006989
2.53441e+07 0.00542
2.42813e+07 0.009831
2.42867e+07 0.016146
2.42311e+07 0.013384
2.42831e+07 0.008685
2.42943e+07 0.019366
2.41748e+07 0.007371
2.4965e+07 0.009339
2.52887e+07 0.008359
2.4175e+07 0.004365
2.42949e+07 0.008256
2.49044e+07 0.010591
2.53255e+07 0.005863
2.43329e+07 0.011276
2.41823e+07 0.005839
2.49828e+07 0.010778
2.42408e+07 0.007332
2.42741e+07 0.009095
2.41644e+07 0.007114
2.42147e+07 0.010047
2.4145e+07 0.004766
2.48801e+07 0.014102
2.49e+07 0.012619
2.41752e+07 0.010088
2.42352e+07 0.014408
2.5336e+07 0.010603
2.40834e+07 0.010806
2.40194e+07 0.005073
2.53253e+07 0.00491
2.41476e+07 0.009429
2.42184e+07 0.01462
2.5098e+07 0.00605
2.53771e+07 0.008754
2.50185e+07 0.005603
2.43275e+07 0.008414
2.48941e+07 0.004563
2.43147e+07 0.00927
2.41693e+07 0.009131
2.43165e+07 0.014201
2.42559e+07 0.00881
2.49158e+07 0.004608
