2.41216e+07 0.019556
2.41133e+07 0.029528
2.4235e+07 0.017879
2.414e+07 0.029043
2.42616e+07 0.022035
2.40264e+07 0.023285
2.40428e+07 0.017794
2.43443e+07 0.025323
2.41895e+07 0.020805
2.42243e+07 0.021115
2.41133e+07 0.01619
2.41142e+07 0.016373
2.42133e+07 0.023258
2.42306e+07 0.015716
2.41401e+07 0.019814
2.40353e+07 0.020884
2.41962e+07 0.01763
2.4142e+07 0.024944
2.40264e+07 0.020532
2.42454e+07 0.029192
2.41216e+07 0.024847
2.40264e+07 0.016489
2.42289e+07 0.016882
2.41324e+07 0.018006
2.4152e+07 0.020188
2.41376e+07 0.021359
2.41329e+07 0.02167
2.42515e+07 0.028867
2.42454e+07 0.021369
2.414e+07 0.018845
2.41503e+07 0.01504
2.53419e+07 0.014448
2.42224e+07 0.015713
2.41074e+07 0.020414
2.43067e+07 0.018556
2.41216e+07 0.019083
2.41424e+07 0.04238
2.42918e+07 0.025202
2.42469e+07 0.027555
2.42426e+07 0.017761
2.41376e+07 0.021206
2.40134e+07 0.015026
2.40343e+07 0.016246
2.41133e+07 0.015177
2.42439e+07 0.021832
2.41393e+07 0.021651
2.41371e+07 0.031688
2.4235e+07 0.017992
2.40353e+07 0.019043
2.42294e+07 0.023875
2.41234e+07 0.017195
2.42454e+07 0.02283
2.44153e+07 0.020663
2.41511e+07 0.014921
2.41234e+07 0.021214
2.42027e+07 0.016035
2.41857e+07 0.018993
2.42314e+07 0.023966
2.42224e+07 0.022914
2.49292e+07 0.019567
2.41019e+07 0.028105
2.42173e+07 0.018681
2.41216e+07 0.015641
2.41263e+07 0.017225
2.41391e+07 0.017043
2.41353e+07 0.022998
2.41424e+07 0.021159
2.42426e+07 0.016094
2.41393e+07 0.015782
2.41316e+07 0.01604
2.39912e+07 0.023869
2.42342e+07 0.018705
2.42195e+07 0.014152
2.42403e+07 0.020595
2.42195e+07 0.017326
2.42294e+07 0.025024
2.41234e+07 0.015041
2.49943e+07 0.021733
2.40264e+07 0.031262
2.4235e+07 0.01463
2.41191e+07 0.020206
2.40398e+07 0.013948
2.41401e+07 0.019965
2.42454e+07 0.019401
2.49237e+07 0.015994
2.41455e+07 0.015303
2.41539e+07 0.015359
2.42406e+07 0.016656
2.41216e+07 0.021012
2.4199e+07 0.01616
2.51832e+07 0.022348
2.42594e+07 0.01506
2.42243e+07 0.023757
2.4224e+07 0.01872
2.50172e+07 0.018455
2.42394e+07 0.016958
2.41329e+07 0.020483
2.41216e+07 0.019746
2.41434e+07 0.02646
2.41316e+07 0.034573
2.43083e+07 0.019336
2.42224e+07 0.019256
2.41503e+07 0.01598
2.43443e+07 0.019806
2.40747e+07 0.017403
2.40977e+07 0.020252
2.42394e+07 0.020255
2.41385e+07 0.018809
2.42342e+07 0.013828
2.41282e+07 0.019867
2.42142e+07 0.027265
2.41626e+07 0.023873
2.41353e+07 0.024773
2.424e+07 0.014518
2.40398e+07 0.024233
2.42288e+07 0.018085
2.42393e+07 0.019478
2.41334e+07 0.022402
2.42419e+07 0.019532
2.42243e+07 0.022206
2.42312e+07 0.01687
2.41074e+07 0.018585
2.42394e+07 0.020188
2.42039e+07 0.030381
2.41455e+07 0.018084
2.41327e+07 0.017876
2.39645e+07 0.017249
2.42173e+07 0.017604
2.42187e+07 0.019373
2.43364e+07 0.025338
2.43544e+07 0.017641
2.42306e+07 0.016318
2.42383e+07 0.01771
2.42327e+07 0.01873
2.41376e+07 0.017225
2.42813e+07 0.015604
2.42352e+07 0.022868
2.40747e+07 0.018757
2.42454e+07 0.025076
2.41133e+07 0.015104
2.41302e+07 0.019187
2.41316e+07 0.021854
2.42383e+07 0.016311
2.40263e+07 0.024479
2.42016e+07 0.02519
2.43214e+07 0.01546
2.42426e+07 0.019458
2.39645e+07 0.016473
2.40343e+07 0.026269
2.41424e+07 0.018198
2.4113e+07 0.023757
2.42294e+07 0.017132
2.40747e+07 0.01803
2.414e+07 0.016377
2.42551e+07 0.014696
2.4234e+07 0.017392
2.40264e+07 0.016361
2.41316e+07 0.017796
2.41539e+07 0.024872
2.42312e+07 0.015583
2.41401e+07 0.019046
2.41302e+07 0.01585
2.41371e+07 0.017138
2.41317e+07 0.015241
2.41231e+07 0.029259
2.40343e+07 0.018316
2.4211e+07 0.016926
2.42288e+07 0.019317
2.43067e+07 0.019231
2.42306e+07 0.019644
2.39645e+07 0.015062
2.41516e+07 0.017745
2.4276e+07 0.017674
2.39645e+07 0.028518
2.4142e+07 0.017788
2.43046e+07 0.020294
2.40469e+07 0.016193
2.41324e+07 0.015665
2.41868e+07 0.016589
2.40134e+07 0.017885
2.41216e+07 0.02117
2.48568e+07 0.018036
2.42406e+07 0.016735
2.43123e+07 0.020134
2.40353e+07 0.01412
2.44026e+07 0.01792
2.52649e+07 0.018947
2.41324e+07 0.017024
2.41334e+07 0.015598
2.41424e+07 0.019494
2.50196e+07 0.020625
2.42715e+07 0.017676
2.41361e+07 0.037234
2.42314e+07 0.017621
2.43214e+07 0.019676
2.42403e+07 0.014259
2.42383e+07 0.025004
2.41141e+07 0.017134
2.42312e+07 0.02268
2.41982e+07 0.019773
2.4231e+07 0.015771
2.43424e+07 0.026337
2.42e+07 0.015534
2.42294e+07 0.020355
2.52807e+07 0.019626
2.41316e+07 0.025145
2.4231e+07 0.021689
2.41019e+07 0.01423
2.41371e+07 0.015307
2.41159e+07 0.023468
2.41228e+07 0.023785
2.40343e+07 0.015829
2.41363e+07 0.022374
2.42403e+07 0.026749
2.41534e+07 0.017513
2.42551e+07 0.02044
2.42098e+07 0.015148
2.42439e+07 0.015094
2.40353e+07 0.020121
2.41511e+07 0.017634
2.41087e+07 0.017062
2.42407e+07 0.02058
2.42342e+07 0.015855
2.40856e+07 0.016781
2.43156e+07 0.022057
2.4234e+07 0.013758
2.42306e+07 0.021095
2.42632e+07 0.019533
2.42107e+07 0.014932
2.40896e+07 0.021633
2.42342e+07 0.015498
2.40343e+07 0.016833
2.41424e+07 0.014643
2.42347e+07 0.027485
2.41363e+07 0.013211
2.42342e+07 0.022004
2.42195e+07 0.018899
2.41401e+07 0.024182
2.42173e+07 0.017109
2.41334e+07 0.016282
2.42304e+07 0.035564
2.42098e+07 0.018351
2.42426e+07 0.016863
2.42403e+07 0.025777
2.42098e+07 0.02093
2.40747e+07 0.022299
2.4224e+07 0.021581
2.41074e+07 0.015041
2.40343e+07 0.018245
2.41353e+07 0.019118
2.40343e+07 0.018972
2.42187e+07 0.01984
2.41391e+07 0.022398
2.41511e+07 0.020375
2.42302e+07 0.02921
2.41513e+07 0.042694
2.43517e+07 0.018313
2.41234e+07 0.021395
2.41359e+07 0.024909
2.42142e+07 0.017003
2.42149e+07 0.031301
2.42314e+07 0.015354
2.42515e+07 0.017363
2.42403e+07 0.026187
2.40343e+07 0.041195
2.40353e+07 0.01454
2.40264e+07 0.016196
2.41329e+07 0.015885
2.42195e+07 0.026476
2.42312e+07 0.019651
2.41424e+07 0.022374
2.41363e+07 0.021612
2.49558e+07 0.02126
2.4199e+07 0.012472
2.41142e+07 0.019088
2.49025e+07 0.016465
2.41002e+07 0.019664
2.42302e+07 0.026644
2.43844e+07 0.015512
2.42304e+07 0.026638
2.42209e+07 0.022442
2.41216e+07 0.032349
2.40353e+07 0.022793
2.4247e+07 0.022663
2.42634e+07 0.020542
2.41302e+07 0.020516
2.4263e+07 0.024139
2.42312e+07 0.01628
2.42195e+07 0.018857
2.41133e+07 0.028136
2.4149e+07 0.017301
2.42426e+07 0.016405
2.41353e+07 0.020151
2.40353e+07 0.019071
2.41216e+07 0.026457
2.40892e+07 0.021064
2.4199e+07 0.015204
2.41317e+07 0.019397
2.41393e+07 0.02469
2.41316e+07 0.018056
2.42439e+07 0.018753
2.41385e+07 0.015625
2.42134e+07 0.031986
2.41334e+07 0.015464
2.41317e+07 0.019018
2.42134e+07 0.02459
2.41928e+07 0.021946
2.40892e+07 0.016079
2.4235e+07 0.021442
2.41216e+07 0.018937
2.42312e+07 0.02275
2.5276e+07 0.018157
2.5387e+07 0.015405
2.41391e+07 0.015255
2.41216e+07 0.026023
2.41393e+07 0.016317
2.39912e+07 0.025756
2.41526e+07 0.015683
2.42142e+07 0.014813
2.41539e+07 0.014187
2.42224e+07 0.014983
2.40353e+07 0.024205
2.42183e+07 0.023402
2.41774e+07 0.015664
2.49919e+07 0.022426
2.41234e+07 0.017554
2.4199e+07 0.015224
2.42134e+07 0.023416
2.41019e+07 0.016297
2.49288e+07 0.01864
2.41539e+07 0.017877
2.42187e+07 0.021313
2.42419e+07 0.02745
2.42173e+07 0.017881
2.42346e+07 0.018647
2.42142e+07 0.028313
2.48242e+07 0.021482
2.41511e+07 0.016974
2.4198e+07 0.02133
2.43517e+07 0.018734
2.41019e+07 0.016383
2.42312e+07 0.018639
2.42927e+07 0.019242
2.42306e+07 0.021965
2.4234e+07 0.016874
2.42511e+07 0.020405
2.4199e+07 0.01614
2.48997e+07 0.016001
2.40452e+07 0.021304
2.43196e+07 0.017056
2.42398e+07 0.020554
2.41019e+07 0.018758
2.41216e+07 0.021191
2.43364e+07 0.017964
2.41391e+07 0.022467
2.41511e+07 0.01364
2.41955e+07 0.02232
2.41141e+07 0.017614
2.42426e+07 0.021884
2.4224e+07 0.024846
2.42102e+07 0.018525
2.42901e+07 0.013532
2.48784e+07 0.016454
2.4235e+07 0.02552
2.42312e+07 0.015779
2.48543e+07 0.016434
2.39912e+07 0.024928
2.41618e+07 0.018161
2.42224e+07 0.027128
2.41393e+07 0.015104
2.41019e+07 0.021068
2.4231e+07 0.016049
2.4209e+07 0.016123
2.41882e+07 0.017077
2.41216e+07 0.02095
2.41424e+07 0.016008
2.42232e+07 0.018314
2.4224e+07 0.020431
2.48822e+07 0.01742
2.41133e+07 0.017109
2.42195e+07 0.017742
2.41234e+07 0.014505
2.4235e+07 0.027453
2.40353e+07 0.017898
2.41231e+07 0.017711
2.40264e+07 0.024246
2.49405e+07 0.018281
2.40072e+07 0.021688
2.42195e+07 0.017419
2.41513e+07 0.017169
2.41234e+07 0.016276
2.41074e+07 0.024501
2.43366e+07 0.026141
2.41539e+07 0.01773
2.41191e+07 0.019415
2.42392e+07 0.018958
2.40072e+07 0.015503
2.43517e+07 0.017036
2.41216e+07 0.016935
2.40892e+07 0.031819
2.42347e+07 0.021402
2.41972e+07 0.018449
2.41133e+07 0.020536
2.414e+07 0.017205
2.41752e+07 0.019234
2.42302e+07 0.015207
2.42173e+07 0.0138
2.41361e+07 0.018755
2.42209e+07 0.016248
2.42419e+07 0.016617
2.40264e+07 0.015395
2.41133e+07 0.034394
2.40398e+07 0.019135
2.42302e+07 0.018389
2.41074e+07 0.02816
2.43156e+07 0.030186
2.41142e+07 0.033569
2.41361e+07 0.016793
2.41911e+07 0.019741
2.41393e+07 0.019354
2.41334e+07 0.018707
2.41263e+07 0.019238
2.42394e+07 0.020677
2.41329e+07 0.015209
2.42243e+07 0.025911
2.41361e+07 0.019353
2.42383e+07 0.021834
2.42394e+07 0.016707
2.41316e+07 0.021475
2.41087e+07 0.022092
2.41216e+07 0.033981
2.42173e+07 0.017596
2.43214e+07 0.019512
2.42352e+07 0.016437
2.41455e+07 0.028008
2.42243e+07 0.0223
2.41363e+07 0.019437
2.42403e+07 0.025715
2.40264e+07 0.034589
2.42304e+07 0.020543
2.41424e+07 0.021951
2.48885e+07 0.021252
2.42294e+07 0.019356
2.42306e+07 0.016819
2.40264e+07 0.017443
2.41371e+07 0.031151
2.41191e+07 0.023961
2.4127e+07 0.021954
2.41763e+07 0.014361
2.42314e+07 0.02037
2.4224e+07 0.014117
2.42359e+07 0.017114
2.40072e+07 0.016927
2.41424e+07 0.02601
2.43214e+07 0.016231
2.42314e+07 0.029335
2.42314e+07 0.01619
2.40264e+07 0.014927
2.41317e+07 0.01958
2.41002e+07 0.024537
2.42352e+07 0.01608
2.4149e+07 0.020196
2.414e+07 0.02389
2.42183e+07 0.018564
2.41393e+07 0.015319
2.41316e+07 0.016726
2.414e+07 0.018206
2.43364e+07 0.019012
2.40353e+07 0.015959
2.42944e+07 0.018522
2.41424e+07 0.022048
2.41424e+07 0.028399
2.41359e+07 0.021583
2.41216e+07 0.015287
2.4234e+07 0.017076
2.42393e+07 0.024637
2.42585e+07 0.015461
2.44028e+07 0.013551
2.40398e+07 0.025953
2.40896e+07 0.019751
2.40747e+07 0.017026
2.41145e+07 0.017032
2.41649e+07 0.025547
2.42312e+07 0.023052
2.41946e+07 0.016061
2.40747e+07 0.023856
2.39645e+07 0.016209
2.43214e+07 0.015771
2.41476e+07 0.014298
2.42134e+07 0.023338
2.52899e+07 0.015266
2.41539e+07 0.017638
2.42302e+07 0.016139
2.4247e+07 0.01527
2.41424e+07 0.018316
2.43402e+07 0.014541
2.414e+07 0.02615
2.42852e+07 0.024549
2.4142e+07 0.020656
2.414e+07 0.015142
