5.02418e+06 0.025438
4.85473e+06 0.00942
5.10888e+06 0.031594
4.744e+06 0.008358
5.08696e+06 0.141742
4.81141e+06 0.018946
4.87117e+06 0.01772
4.88881e+06 0.030168
4.82904e+06 0.008004
4.8936e+06 0.015575
4.89937e+06 0.026534
4.84087e+06 0.011387
5.04882e+06 0.007245
4.91787e+06 0.012409
4.79526e+06 0.017244
5.10034e+06 0.014133
5.09784e+06 0.025104
4.88466e+06 0.006657
5.09683e+06 0.015174
5.01553e+06 0.050159
5.03657e+06 0.008715
4.78725e+06 0.006537
4.96091e+06 0.014604
4.87603e+06 0.034765
4.95135e+06 0.008038
4.84269e+06 0.012845
4.8203e+06 0.007809
5.08875e+06 0.009095
5.11442e+06 0.015976
4.87495e+06 0.018044
5.01716e+06 0.013737
4.92463e+06 0.006142
4.78597e+06 0.00809
4.87499e+06 0.014727
4.93507e+06 0.009007
4.9618e+06 0.010433
5.13696e+06 0.017973
4.8925e+06 0.009435
4.84661e+06 0.011323
4.87509e+06 0.007489
4.91389e+06 0.014188
5.12853e+06 0.007917
4.87734e+06 0.132905
4.81944e+06 0.008631
5.14539e+06 0.009874
4.86428e+06 0.043079
5.02235e+06 0.016605
5.04587e+06 0.010186
4.861e+06 0.013317
4.79885e+06 0.006125
4.79937e+06 0.02368
5.1075e+06 0.009271
5.0235e+06 0.021075
4.84834e+06 0.018443
4.9642e+06 0.020228
4.82e+06 0.011505
4.82166e+06 0.012361
5.10227e+06 0.028579
4.82253e+06 0.00765
4.84652e+06 0.032647
4.89046e+06 0.033138
4.95348e+06 0.02019
5.01608e+06 0.020471
4.8171e+06 0.041426
4.79737e+06 0.007617
4.84754e+06 0.012301
4.78714e+06 0.010156
5.01045e+06 0.005582
5.11166e+06 0.056267
4.8619e+06 0.014019
5.00451e+06 0.018567
4.89766e+06 0.039501
4.8726e+06 0.046691
4.80516e+06 0.010787
4.89338e+06 0.009525
4.84583e+06 0.013476
5.06192e+06 0.020064
4.78484e+06 0.014543
4.87517e+06 0.00618
4.83264e+06 0.007412
4.97192e+06 0.014631
5.10114e+06 0.021389
4.89607e+06 0.028876
4.9899e+06 0.019894
4.86475e+06 0.009367
4.80547e+06 0.006508
4.89323e+06 0.012575
5.0594e+06 0.019159
4.87071e+06 0.006402
4.84322e+06 0.019345
4.90752e+06 0.011013
5.0846e+06 0.005807
4.95711e+06 0.013853
4.80352e+06 0.010577
4.96994e+06 0.011394
4.82534e+06 0.007549
4.81662e+06 0.034311
4.88182e+06 0.010309
5.08453e+06 0.018539
5.01902e+06 0.023494
5.09157e+06 0.00606
5.08165e+06 0.013881
4.8676e+06 0.007989
4.80503e+06 0.007914
4.88433e+06 0.020865
4.88966e+06 0.006255
5.15136e+06 0.009705
4.89951e+06 0.026911
4.83671e+06 0.015148
4.86556e+06 0.008023
4.91536e+06 0.027068
5.01335e+06 0.014251
5.19621e+06 0.006565
4.85519e+06 0.040519
4.86955e+06 0.005587
4.88955e+06 0.010866
4.82243e+06 0.008505
4.78697e+06 0.021815
4.95597e+06 0.011299
4.86348e+06 0.031403
4.87713e+06 0.018339
4.90222e+06 0.007315
4.87468e+06 0.010876
4.86275e+06 0.007516
5.09885e+06 0.010659
4.7962e+06 0.013891
4.91834e+06 0.014829
4.89054e+06 0.015306
5.09172e+06 0.014299
4.83585e+06 0.007697
5.14313e+06 0.020486
4.80688e+06 0.010469
4.97515e+06 0.015226
4.80465e+06 0.02417
4.80295e+06 0.010622
5.09451e+06 0.006636
5.10196e+06 0.007156
4.97126e+06 0.006376
4.88751e+06 0.026646
4.82449e+06 0.009772
4.93317e+06 0.020706
4.89334e+06 0.00864
4.92075e+06 0.004889
4.80678e+06 0.010492
4.88635e+06 0.024547
5.10312e+06 0.027661
4.81605e+06 0.008346
4.96702e+06 0.017704
4.87129e+06 0.009268
4.79318e+06 0.006749
4.80385e+06 0.017388
4.85145e+06 0.009616
4.79977e+06 0.012121
4.88081e+06 0.023768
4.88059e+06 0.007647
4.89259e+06 0.020265
4.8412e+06 0.04711
4.95389e+06 0.006367
4.9006e+06 0.017749
4.85814e+06 0.014676
4.8399e+06 0.007704
4.84659e+06 0.00694
4.8173e+06 0.011598
4.8437e+06 0.036935
4.98023e+06 0.011106
4.81811e+06 0.009839
4.84205e+06 0.008498
4.81586e+06 0.017895
5.04345e+06 0.027199
5.11852e+06 0.011855
4.80753e+06 0.008892
4.82209e+06 0.01259
5.08613e+06 0.019071
4.86104e+06 0.115301
4.97736e+06 0.026253
4.97859e+06 0.014934
4.84661e+06 0.009868
4.87546e+06 0.005236
5.06242e+06 0.008936
4.88648e+06 0.014567
4.86846e+06 0.014435
4.81561e+06 0.009149
4.86835e+06 0.019932
5.11163e+06 0.008605
5.10928e+06 0.023194
4.81073e+06 0.017049
4.85413e+06 0.015322
5.11231e+06 0.01385
4.88518e+06 0.01149
4.92172e+06 0.036118
4.81271e+06 0.02156
4.85926e+06 0.020041
4.96678e+06 0.008378
4.88522e+06 0.025935
4.8933e+06 0.005435
5.08787e+06 0.014923
4.93675e+06 0.006931
5.07708e+06 0.012948
5.07601e+06 0.03456
4.9491e+06 0.020821
4.90872e+06 0.007741
5.01038e+06 0.021514
4.81075e+06 0.013562
4.86996e+06 0.010033
4.84041e+06 0.007133
4.89333e+06 0.026677
4.90427e+06 0.015553
4.82136e+06 0.009592
4.78408e+06 0.017142
5.08083e+06 0.02607
4.95314e+06 0.020539
4.83215e+06 0.006794
5.01608e+06 0.016446
4.9598e+06 0.030521
4.89225e+06 0.006246
4.8226e+06 0.028986
4.85651e+06 0.007568
4.84847e+06 0.007379
4.88531e+06 0.029363
4.86515e+06 0.02014
4.9108e+06 0.008385
5.13538e+06 0.012748
5.10944e+06 0.04037
4.85616e+06 0.012977
5.04431e+06 0.008171
4.98298e+06 0.013346
5.02061e+06 0.013554
4.90731e+06 0.02124
5.1191e+06 0.008048
4.88758e+06 0.028371
4.86894e+06 0.006197
4.96682e+06 0.011995
5.08351e+06 0.024128
4.79339e+06 0.036647
4.85717e+06 0.008416
4.97616e+06 0.013306
4.98939e+06 0.028716
4.93375e+06 0.015668
4.89493e+06 0.029943
4.88929e+06 0.017684
4.96497e+06 0.009278
5.02409e+06 0.023776
4.87302e+06 0.060304
5.08995e+06 0.017673
5.09776e+06 0.01519
4.82998e+06 0.011741
5.1255e+06 0.006739
4.78812e+06 0.010369
4.84838e+06 0.020997
4.8413e+06 0.019545
4.83018e+06 0.005793
5.07082e+06 0.008098
4.87546e+06 0.008603
4.87228e+06 0.006302
4.98461e+06 0.020355
4.93004e+06 0.013073
4.82057e+06 0.013286
5.05102e+06 0.006998
4.89063e+06 0.007718
4.89194e+06 0.025075
4.83844e+06 0.005881
4.90084e+06 0.036343
5.08094e+06 0.023663
4.8118e+06 0.007316
5.01178e+06 0.005659
4.95448e+06 0.009076
4.9379e+06 0.012181
5.14759e+06 0.012466
4.8098e+06 0.105022
4.79928e+06 0.01532
5.08643e+06 0.01758
4.86504e+06 0.072862
4.8996e+06 0.016246
4.82146e+06 0.008502
4.87453e+06 0.012173
5.10617e+06 0.026551
4.93748e+06 0.005568
5.11757e+06 0.022444
4.8994e+06 0.020265
4.85187e+06 0.018108
4.90005e+06 0.012923
4.7886e+06 0.052746
4.81995e+06 0.011149
4.9033e+06 0.017751
4.80294e+06 0.014254
5.1122e+06 0.019482
4.91507e+06 0.012175
4.79085e+06 0.011255
4.87108e+06 0.006091
4.89264e+06 0.009079
4.86305e+06 0.023529
4.87792e+06 0.074132
4.78564e+06 0.011619
4.98175e+06 0.009469
4.86137e+06 0.02109
5.08666e+06 0.013424
4.88993e+06 0.013366
4.84587e+06 0.029356
5.07535e+06 0.005818
4.99253e+06 0.027882
4.86458e+06 0.00953
4.92409e+06 0.006033
5.01794e+06 0.018979
4.89105e+06 0.007566
4.89749e+06 0.011403
4.81585e+06 0.034502
5.09675e+06 0.033953
4.89795e+06 0.024603
4.78555e+06 0.013521
4.8112e+06 0.032234
4.92557e+06 0.014934
4.85402e+06 0.007655
5.07114e+06 0.036791
4.85308e+06 0.011159
4.87018e+06 0.006711
5.1015e+06 0.007346
5.01628e+06 0.049307
5.0921e+06 0.037187
4.84217e+06 0.011101
5.08966e+06 0.023112
5.00804e+06 0.006286
4.94774e+06 0.008596
5.02984e+06 0.014076
4.8735e+06 0.124866
4.79467e+06 0.029765
4.96984e+06 0.021258
4.83869e+06 0.025266
4.85144e+06 0.012781
4.85023e+06 0.009578
4.87863e+06 0.013332
4.88017e+06 0.024411
4.77944e+06 0.006334
4.87871e+06 0.024554
4.87957e+06 0.010819
5.08827e+06 0.015199
5.08486e+06 0.007827
5.07637e+06 0.013393
4.8723e+06 0.019556
4.81765e+06 0.008138
4.87686e+06 0.012642
4.85451e+06 0.015369
4.89707e+06 0.016505
4.87185e+06 0.017869
4.87114e+06 0.00942
4.86475e+06 0.0124
4.79154e+06 0.009967
4.86746e+06 0.009264
4.84151e+06 0.008503
4.88253e+06 0.038537
5.11337e+06 0.010144
4.89986e+06 0.013388
5.01684e+06 0.013824
4.80561e+06 0.011621
4.86099e+06 0.017512
4.87172e+06 0.00619
4.88019e+06 0.007602
4.79726e+06 0.008969
4.79746e+06 0.020169
5.10037e+06 0.01525
4.88928e+06 0.016418
4.84796e+06 0.006082
4.81726e+06 0.040005
5.09611e+06 0.012091
4.98397e+06 0.009153
4.97765e+06 0.009143
5.06634e+06 0.015444
4.73425e+06 0.015718
4.8963e+06 0.018291
5.0064e+06 0.012763
4.98565e+06 0.019729
4.82616e+06 0.005126
4.85377e+06 0.008565
4.78531e+06 0.034789
4.90986e+06 0.01399
4.87705e+06 0.025122
5.05812e+06 0.027342
4.81383e+06 0.013514
4.86416e+06 0.052124
4.8798e+06 0.007903
4.93498e+06 0.015251
5.09834e+06 0.010268
4.79227e+06 0.007869
4.81868e+06 0.007153
4.85455e+06 0.005583
4.97829e+06 0.018955
5.10482e+06 0.007599
4.86417e+06 0.011871
4.81404e+06 0.014849
4.81662e+06 0.010604
4.87787e+06 0.021262
5.08506e+06 0.047067
4.96145e+06 0.01223
4.84472e+06 0.02111
4.85661e+06 0.0161
5.10074e+06 0.009066
4.81844e+06 0.0102
4.87989e+06 0.008651
5.02265e+06 0.017404
5.07858e+06 0.016879
4.8263e+06 0.019462
4.88988e+06 0.020411
5.03949e+06 0.018025
5.04592e+06 0.056499
4.86754e+06 0.015921
4.888e+06 0.008166
4.84221e+06 0.036498
4.86456e+06 0.019788
4.91695e+06 0.014586
4.97265e+06 0.025142
4.88702e+06 0.007341
4.86771e+06 0.009049
4.90236e+06 0.008476
4.86331e+06 0.009553
4.80953e+06 0.01004
4.93816e+06 0.010651
5.0241e+06 0.009759
5.06411e+06 0.033976
4.88433e+06 0.023689
4.93789e+06 0.008055
4.86121e+06 0.017856
4.87883e+06 0.006576
4.89875e+06 0.021142
5.07868e+06 0.006843
4.94691e+06 0.020625
4.98122e+06 0.032395
4.90205e+06 0.014139
4.80545e+06 0.009573
4.88262e+06 0.012421
5.09159e+06 0.028595
4.84223e+06 0.009092
4.86402e+06 0.013008
4.88816e+06 0.006049
4.93237e+06 0.05787
4.85468e+06 0.009972
4.8322e+06 0.012745
4.87815e+06 0.007219
4.89702e+06 0.026122
5.09277e+06 0.010484
4.88171e+06 0.02722
4.92589e+06 0.022473
5.09998e+06 0.013063
4.87958e+06 0.012792
4.99916e+06 0.019431
5.11288e+06 0.006767
4.82629e+06 0.015906
5.08602e+06 0.012036
5.06783e+06 0.012745
4.89075e+06 0.010375
4.80083e+06 0.084141
5.00954e+06 0.017109
4.91052e+06 0.008815
4.81071e+06 0.005484
4.87643e+06 0.042051
4.89882e+06 0.029945
5.11351e+06 0.015367
4.83412e+06 0.018925
4.88707e+06 0.031442
4.88968e+06 0.005084
4.87957e+06 0.006873
5.00363e+06 0.012735
4.87447e+06 0.011642
4.83248e+06 0.008223
4.7854e+06 0.007405
4.99208e+06 0.036995
4.89986e+06 0.011679
4.79213e+06 0.00739
4.91224e+06 0.008043
4.84899e+06 0.010977
5.10469e+06 0.005858
4.85148e+06 0.016087
4.88922e+06 0.021995
5.04012e+06 0.0183
4.8581e+06 0.007065
4.98546e+06 0.006318
4.78837e+06 0.006316
4.79581e+06 0.010796
5.0523e+06 0.014041
4.78353e+06 0.005832
5.07999e+06 0.024124
4.94663e+06 0.022085
5.08756e+06 0.017848
4.79792e+06 0.039466
5.0498e+06 0.011258
4.82212e+06 0.012152
4.8575e+06 0.006958
4.85405e+06 0.013479
4.86433e+06 0.011578
4.8837e+06 0.006627
4.95471e+06 0.079746
4.81351e+06 0.020732
5.09195e+06 0.014066
4.85554e+06 0.016028
4.91653e+06 0.014777
5.10081e+06 0.007439
4.93963e+06 0.015108
4.9866e+06 0.008789
4.91275e+06 0.007611
4.86689e+06 0.007072
4.79079e+06 0.015338
4.81272e+06 0.011752
