4.82634e+06 0.025684
4.86434e+06 0.025034
4.83564e+06 0.061056
4.7404e+06 0.028037
5.09441e+06 0.137529
4.97903e+06 0.030784
4.80992e+06 0.026273
4.85809e+06 0.055217
4.77671e+06 0.023398
4.89345e+06 0.027334
5.07851e+06 0.040793
4.82853e+06 0.028216
5.04802e+06 0.020847
4.91787e+06 0.047739
4.79421e+06 0.031012
5.00398e+06 0.032732
4.77252e+06 0.033428
4.76797e+06 0.022522
4.86819e+06 0.02793
4.83936e+06 0.064774
4.80381e+06 0.032248
4.78177e+06 0.021559
4.85701e+06 0.031878
4.83168e+06 0.051762
4.93995e+06 0.024941
4.81988e+06 0.024384
4.79842e+06 0.035695
4.76337e+06 0.039847
4.8674e+06 0.026999
4.8299e+06 0.026181
4.86848e+06 0.02711
5.05578e+06 0.020928
4.78073e+06 0.027254
4.80672e+06 0.026738
4.76936e+06 0.020334
4.78667e+06 0.019643
4.72276e+06 0.033986
4.80381e+06 0.024601
4.81071e+06 0.022187
4.79958e+06 0.021253
4.79842e+06 0.019851
4.82956e+06 0.021672
4.86478e+06 0.094991
4.82291e+06 0.020285
4.77935e+06 0.022824
4.77592e+06 0.050115
4.85066e+06 0.054439
4.83895e+06 0.021597
4.861e+06 0.026093
4.8214e+06 0.023648
4.79635e+06 0.037586
4.95675e+06 0.023672
4.8168e+06 0.042578
4.81514e+06 0.020309
4.7415e+06 0.053245
4.78888e+06 0.022466
4.78768e+06 0.023475
4.82974e+06 0.046897
4.94355e+06 0.023467
4.84143e+06 0.046481
4.81598e+06 0.050275
4.76784e+06 0.024628
4.86562e+06 0.026941
5.00332e+06 0.041203
4.81779e+06 0.020296
4.8487e+06 0.027594
4.85427e+06 0.025605
4.98763e+06 0.020823
5.10961e+06 0.038829
4.82144e+06 0.026929
4.83295e+06 0.029016
4.78073e+06 0.050786
4.78886e+06 0.044642
4.82598e+06 0.024721
4.80314e+06 0.023325
4.73605e+06 0.024856
4.8254e+06 0.030204
4.77567e+06 0.02635
4.85938e+06 0.021398
4.81467e+06 0.026089
4.76797e+06 0.029791
4.8214e+06 0.035965
4.8074e+06 0.040329
4.7767e+06 0.029437
4.78603e+06 0.018701
4.83848e+06 0.020044
4.87168e+06 0.03523
4.83603e+06 0.031707
4.85317e+06 0.022063
5.09703e+06 0.026235
4.85312e+06 0.020283
4.82429e+06 0.026028
4.96158e+06 0.021015
4.79468e+06 0.02702
4.9508e+06 0.027533
4.73738e+06 0.022682
4.89323e+06 0.028994
4.96325e+06 0.02797
4.99577e+06 0.03321
4.83603e+06 0.028686
4.85617e+06 0.017484
4.84517e+06 0.034784
4.77771e+06 0.021603
4.79229e+06 0.024354
4.84609e+06 0.025779
4.8359e+06 0.020329
4.7453e+06 0.0228
4.89903e+06 0.035002
4.79557e+06 0.026487
4.85793e+06 0.021296
4.97673e+06 0.030026
4.99063e+06 0.026617
4.97123e+06 0.022804
4.74437e+06 0.041975
4.88267e+06 0.02244
4.77363e+06 0.022747
4.81988e+06 0.038976
4.78406e+06 0.023589
4.83536e+06 0.025259
4.79836e+06 0.034682
4.84316e+06 0.033004
4.77112e+06 0.02618
4.82516e+06 0.027501
4.82225e+06 0.025818
4.79449e+06 0.019956
4.81365e+06 0.020325
4.84369e+06 0.022385
4.82809e+06 0.028692
4.8168e+06 0.048183
4.84161e+06 0.032825
4.86636e+06 0.037372
4.73738e+06 0.027093
4.77592e+06 0.051669
4.77346e+06 0.030025
4.76639e+06 0.022462
4.77779e+06 0.023866
4.82938e+06 0.022783
4.85958e+06 0.021085
4.83088e+06 0.046526
5.09358e+06 0.025131
4.76937e+06 0.029588
4.76967e+06 0.022462
4.78544e+06 0.018592
4.78085e+06 0.018892
4.88635e+06 0.030947
4.8313e+06 0.030181
4.74122e+06 0.023599
4.81365e+06 0.031406
4.76918e+06 0.026776
4.76524e+06 0.023823
4.77268e+06 0.022212
4.80381e+06 0.029266
4.82406e+06 0.029636
4.83564e+06 0.038099
4.81521e+06 0.022623
4.77123e+06 0.029988
4.81646e+06 0.031255
4.8354e+06 0.02116
4.9006e+06 0.026358
4.81365e+06 0.026782
4.82248e+06 0.022863
4.72486e+06 0.021516
4.8173e+06 0.022359
4.78125e+06 0.071194
4.77566e+06 0.026714
4.81939e+06 0.029254
4.8052e+06 0.021878
4.78154e+06 0.034739
4.77566e+06 0.021324
4.80381e+06 0.026448
4.78232e+06 0.022518
4.80381e+06 0.023559
5.08613e+06 0.036046
4.79444e+06 0.140014
4.84538e+06 0.03723
4.84018e+06 0.023277
4.83303e+06 0.02332
4.81988e+06 0.021807
4.7415e+06 0.02553
4.7701e+06 0.031578
4.8325e+06 0.025507
4.78339e+06 0.023729
4.98315e+06 0.03441
4.86009e+06 0.021891
4.80643e+06 0.036363
4.8063e+06 0.026743
4.80381e+06 0.03524
4.80672e+06 0.028293
4.85081e+06 0.0414
4.84342e+06 0.033649
4.79765e+06 0.038115
4.84425e+06 0.037254
4.81365e+06 0.022341
4.85897e+06 0.02686
4.8376e+06 0.019372
4.8718e+06 0.030297
4.83335e+06 0.02535
4.87074e+06 0.029781
4.85916e+06 0.043919
4.74623e+06 0.024462
4.80381e+06 0.022198
4.89654e+06 0.054882
4.77578e+06 0.02869
4.83316e+06 0.025927
4.81467e+06 0.03181
4.82706e+06 0.026278
4.80347e+06 0.023409
4.84561e+06 0.019374
4.77358e+06 0.039083
4.827e+06 0.02591
4.78232e+06 0.020596
4.84784e+06 0.022598
4.77606e+06 0.029165
4.76814e+06 0.034683
4.77107e+06 0.021963
4.8226e+06 0.049476
4.77822e+06 0.024665
4.80391e+06 0.034522
4.81702e+06 0.100295
4.81993e+06 0.036852
4.78717e+06 0.02067
4.8332e+06 0.020158
5.10944e+06 0.054154
4.86214e+06 0.031067
4.78909e+06 0.023704
4.81227e+06 0.027247
4.81671e+06 0.023654
4.87605e+06 0.026815
4.83316e+06 0.026937
4.86604e+06 0.055339
4.85166e+06 0.027973
4.82993e+06 0.025433
4.85081e+06 0.057552
4.7823e+06 0.032848
4.81926e+06 0.044045
4.95367e+06 0.023733
4.81445e+06 0.034753
4.83189e+06 0.039077
4.77592e+06 0.054032
4.8052e+06 0.030369
4.8457e+06 0.029812
4.84401e+06 0.024189
4.8452e+06 0.052092
4.83603e+06 0.048922
5.08989e+06 0.11058
4.95075e+06 0.020553
4.83189e+06 0.02312
4.77671e+06 0.021148
4.84156e+06 0.03773
4.84055e+06 0.06456
4.81071e+06 0.019337
5.09938e+06 0.020783
4.75073e+06 0.021884
4.77566e+06 0.021285
4.8033e+06 0.024949
4.84369e+06 0.024108
4.8867e+06 0.029585
4.84737e+06 0.027924
4.80428e+06 0.024169
4.8168e+06 0.02681
4.83844e+06 0.023652
4.84102e+06 0.057914
4.72486e+06 0.025437
4.76823e+06 0.021038
4.82056e+06 0.026715
4.91575e+06 0.027214
5.09612e+06 0.026752
5.00143e+06 0.025909
4.84414e+06 0.10615
4.8033e+06 0.022101
4.95268e+06 0.024224
4.83266e+06 0.054704
4.89967e+06 0.028127
4.72733e+06 0.034797
4.77123e+06 0.039234
4.8485e+06 0.034247
4.78489e+06 0.020408
4.83266e+06 0.035277
4.82517e+06 0.034056
4.8521e+06 0.023419
4.85883e+06 0.025414
4.78603e+06 0.050465
4.73738e+06 0.026584
4.80991e+06 0.026458
4.81626e+06 0.033645
4.79639e+06 0.025431
4.86463e+06 0.019385
4.72276e+06 0.034529
4.84775e+06 0.02083
4.81525e+06 0.018203
4.8168e+06 0.034173
4.97919e+06 0.051053
4.77885e+06 0.027128
4.7711e+06 0.024857
4.76918e+06 0.046947
4.99889e+06 0.033764
4.82872e+06 0.020497
4.77559e+06 0.043627
4.96041e+06 0.024058
4.85625e+06 0.052976
4.80428e+06 0.023569
4.76942e+06 0.018871
4.83603e+06 0.040461
4.81526e+06 0.022892
4.86606e+06 0.024814
4.79618e+06 0.029321
4.77913e+06 0.02862
4.796e+06 0.034224
4.78555e+06 0.023996
4.80804e+06 0.038119
4.80763e+06 0.037006
4.76566e+06 0.021326
4.86675e+06 0.04076
4.78255e+06 0.026209
4.98367e+06 0.022093
4.7831e+06 0.021305
4.76389e+06 0.05053
4.82608e+06 0.076463
4.82579e+06 0.023297
4.93743e+06 0.039475
4.86599e+06 0.021348
4.83237e+06 0.022877
5.14488e+06 0.019458
4.91216e+06 0.165121
4.77838e+06 0.046586
4.8052e+06 0.038676
4.80612e+06 0.027315
4.81952e+06 0.02462
4.85797e+06 0.037576
4.83574e+06 0.032951
4.81933e+06 0.05129
4.77107e+06 0.03184
4.81831e+06 0.032583
4.72463e+06 0.021817
5.01077e+06 0.031701
4.83574e+06 0.023502
4.82642e+06 0.03711
4.82148e+06 0.036545
4.81765e+06 0.037131
4.8494e+06 0.036056
4.85451e+06 0.035324
4.80674e+06 0.047401
4.82006e+06 0.030378
4.83951e+06 0.024242
4.8359e+06 0.03201
4.8052e+06 0.027214
4.76784e+06 0.025504
4.83e+06 0.027419
4.88253e+06 0.065018
4.90944e+06 0.030239
4.78011e+06 0.022779
4.8693e+06 0.020917
4.78151e+06 0.026134
4.80567e+06 0.042725
4.8033e+06 0.021521
5.00495e+06 0.031138
4.78042e+06 0.022909
4.81365e+06 0.023317
4.84536e+06 0.029424
4.82004e+06 0.031446
4.7701e+06 0.019523
4.79344e+06 0.034553
4.78562e+06 0.034894
4.76688e+06 0.037085
4.80454e+06 0.018894
4.79401e+06 0.037191
4.82809e+06 0.024926
4.82623e+06 0.024805
5.10734e+06 0.022279
4.83621e+06 0.04391
4.81071e+06 0.018711
4.79787e+06 0.0263
4.83791e+06 0.038466
4.82676e+06 0.057934
4.92816e+06 0.039362
5.05783e+06 0.042725
4.81383e+06 0.026547
4.85488e+06 0.049524
4.8326e+06 0.030207
4.78557e+06 0.035176
4.8409e+06 0.023764
4.82506e+06 0.021142
4.74164e+06 0.022448
4.80763e+06 0.02283
4.88991e+06 0.031064
4.94948e+06 0.026825
4.84343e+06 0.02483
4.85792e+06 0.026802
4.76465e+06 0.024156
4.82306e+06 0.024142
5.08506e+06 0.03052
4.86577e+06 0.026823
4.80381e+06 0.04093
4.74624e+06 0.034325
4.85312e+06 0.031011
4.83569e+06 0.027974
4.7261e+06 0.039046
4.84458e+06 0.028287
4.81071e+06 0.028727
4.91735e+06 0.070575
4.85065e+06 0.028008
4.819e+06 0.031895
5.12954e+06 0.056933
4.83244e+06 0.023294
4.7831e+06 0.019483
4.82653e+06 0.029614
4.83524e+06 0.0319
4.85401e+06 0.026198
4.80516e+06 0.05317
4.8168e+06 0.022724
4.86771e+06 0.021028
4.97123e+06 0.018361
4.77293e+06 0.027608
4.78909e+06 0.027757
4.80454e+06 0.02358
4.8317e+06 0.02364
4.833e+06 0.028319
4.81699e+06 0.032963
4.9315e+06 0.023763
4.80146e+06 0.035108
4.87883e+06 0.01892
4.77514e+06 0.03192
4.78785e+06 0.023344
4.94754e+06 0.02822
4.82889e+06 0.037083
4.83201e+06 0.03175
4.78272e+06 0.032151
4.80381e+06 0.024821
4.8494e+06 0.044172
4.83603e+06 0.025875
4.77713e+06 0.023902
4.80273e+06 0.020399
4.83603e+06 0.085474
4.82567e+06 0.021461
4.775e+06 0.028974
4.80381e+06 0.027449
4.82811e+06 0.033134
4.72597e+06 0.025017
4.80314e+06 0.043587
4.76566e+06 0.033278
5.11245e+06 0.027218
4.85485e+06 0.036089
4.77852e+06 0.031721
4.82124e+06 0.021804
4.79793e+06 0.029011
4.81988e+06 0.026937
4.87192e+06 0.020891
4.77346e+06 0.026265
4.80083e+06 0.051167
4.87131e+06 0.025401
4.85331e+06 0.023741
4.81071e+06 0.023809
4.81639e+06 0.044958
4.83609e+06 0.046174
4.79015e+06 0.029902
4.82977e+06 0.02343
4.8168e+06 0.075559
4.82956e+06 0.024562
4.77607e+06 0.021652
4.80381e+06 0.022268
4.85106e+06 0.020288
4.78938e+06 0.029707
4.7675e+06 0.022226
4.85549e+06 0.031371
4.78265e+06 0.039461
4.78223e+06 0.02182
4.83201e+06 0.029689
4.78619e+06 0.025043
5.05022e+06 0.022601
4.8459e+06 0.026259
4.77363e+06 0.026448
4.81396e+06 0.026057
4.82751e+06 0.019885
4.78489e+06 0.019916
4.77034e+06 0.021877
4.83345e+06 0.028289
4.82869e+06 0.02646
4.77804e+06 0.022188
4.80624e+06 0.045294
4.7412e+06 0.02923
4.82676e+06 0.033632
4.78953e+06 0.023498
4.91116e+06 0.034348
4.81185e+06 0.028087
4.85703e+06 0.023242
4.82686e+06 0.029404
4.87591e+06 0.025614
4.82873e+06 0.019416
5.01494e+06 0.059097
4.78232e+06 0.050442
4.79433e+06 0.046173
4.83658e+06 0.033203
4.90612e+06 0.025912
4.80542e+06 0.021389
4.85347e+06 0.024833
4.9648e+06 0.021584
4.87095e+06 0.025248
4.83299e+06 0.020701
4.77886e+06 0.022459
4.82741e+06 0.02113
