4.95315e+06 0.022575
4.82151e+06 0.016205
5.08135e+06 0.011587
4.95131e+06 0.015035
5.05088e+06 0.073298
4.88708e+06 0.007508
4.78914e+06 0.007244
5.01873e+06 0.032535
4.86675e+06 0.019301
4.77968e+06 0.009262
4.89178e+06 0.011087
4.8994e+06 0.014754
4.85161e+06 0.033774
5.04947e+06 0.010461
4.88606e+06 0.007249
4.93547e+06 0.008421
4.8764e+06 0.007547
5.07334e+06 0.012672
4.86557e+06 0.016133
5.09668e+06 0.006275
4.87089e+06 0.02314
5.08579e+06 0.014963
4.88783e+06 0.007653
4.94482e+06 0.016544
4.89197e+06 0.009903
5.11597e+06 0.011595
5.07989e+06 0.008637
4.85024e+06 0.012745
4.82358e+06 0.018408
4.81457e+06 0.013068
4.86362e+06 0.008988
4.80536e+06 0.005276
4.96489e+06 0.014608
4.89051e+06 0.016891
4.90792e+06 0.016238
4.80493e+06 0.010155
5.08466e+06 0.008978
4.82449e+06 0.006092
4.88199e+06 0.012022
5.09882e+06 0.011651
5.10804e+06 0.006493
4.84533e+06 0.009574
5.03575e+06 0.027951
4.88491e+06 0.016431
5.08918e+06 0.00699
4.873e+06 0.029603
4.84603e+06 0.009293
4.85544e+06 0.006742
4.90986e+06 0.014628
4.87623e+06 0.010518
5.00963e+06 0.032883
4.78427e+06 0.006051
5.0031e+06 0.019211
5.07898e+06 0.005755
4.84084e+06 0.020305
5.01654e+06 0.014895
4.8757e+06 0.008934
4.82092e+06 0.007273
5.01313e+06 0.007251
4.81007e+06 0.020144
4.84749e+06 0.009519
4.81137e+06 0.008059
4.85707e+06 0.009755
4.85826e+06 0.029359
4.90903e+06 0.014587
4.956e+06 0.009577
4.86506e+06 0.005869
4.93623e+06 0.013481
4.91073e+06 0.016014
5.1249e+06 0.012115
4.83222e+06 0.020143
4.80669e+06 0.044836
5.00676e+06 0.030634
4.94808e+06 0.008905
4.99843e+06 0.005013
4.91293e+06 0.012613
4.78734e+06 0.012383
4.75482e+06 0.018895
4.97442e+06 0.015839
4.82051e+06 0.007356
4.83978e+06 0.013047
5.01832e+06 0.015561
4.91923e+06 0.015772
4.86737e+06 0.009152
4.88257e+06 0.007925
4.88191e+06 0.012755
4.80754e+06 0.013601
4.9379e+06 0.037658
5.02866e+06 0.006512
5.0592e+06 0.01266
4.95475e+06 0.022239
4.80545e+06 0.007839
4.83613e+06 0.010778
4.81001e+06 0.013936
4.8133e+06 0.011622
5.16059e+06 0.010439
4.7701e+06 0.013097
4.97816e+06 0.006739
4.89486e+06 0.006947
5.09336e+06 0.012568
4.87235e+06 0.0096
4.8814e+06 0.015081
4.85982e+06 0.008841
4.81291e+06 0.007985
5.06023e+06 0.015168
4.8934e+06 0.006441
4.8162e+06 0.010025
5.09339e+06 0.01978
4.87261e+06 0.007625
4.91665e+06 0.008314
5.01306e+06 0.016817
4.8893e+06 0.011768
4.96485e+06 0.00768
5.08306e+06 0.013043
4.78953e+06 0.011987
4.83466e+06 0.006789
5.11246e+06 0.010626
4.87265e+06 0.007042
5.09873e+06 0.009496
5.09604e+06 0.024076
5.09163e+06 0.010351
5.09208e+06 0.01597
5.05013e+06 0.018553
4.95279e+06 0.015602
5.11057e+06 0.008678
5.11599e+06 0.008278
5.07615e+06 0.006369
4.99066e+06 0.019399
5.02434e+06 0.034857
5.08777e+06 0.006891
5.0015e+06 0.015303
4.84783e+06 0.008869
4.89046e+06 0.016624
4.77477e+06 0.014157
5.03447e+06 0.018524
4.83568e+06 0.013604
4.89275e+06 0.00752
5.07392e+06 0.021212
4.89459e+06 0.019625
4.79053e+06 0.010519
4.86819e+06 0.011117
4.9065e+06 0.009275
4.90648e+06 0.009381
5.08394e+06 0.00718
5.11395e+06 0.012494
5.05447e+06 0.013475
4.79249e+06 0.007248
4.90082e+06 0.011201
4.93523e+06 0.010669
4.97346e+06 0.012332
4.95894e+06 0.01386
5.07192e+06 0.024057
4.91186e+06 0.014571
4.85627e+06 0.017021
4.89152e+06 0.006159
4.88417e+06 0.015155
4.88529e+06 0.026707
4.84522e+06 0.006438
4.87738e+06 0.022846
4.99652e+06 0.017491
4.8869e+06 0.010733
5.00786e+06 0.014172
4.83806e+06 0.009428
4.78329e+06 0.010135
5.02959e+06 0.015331
4.79915e+06 0.007804
4.9561e+06 0.019308
5.06111e+06 0.008946
4.88742e+06 0.020558
4.7856e+06 0.010041
4.795e+06 0.010132
4.88591e+06 0.011761
4.79105e+06 0.015226
4.8616e+06 0.050727
4.80381e+06 0.007016
4.87528e+06 0.009676
4.78949e+06 0.01506
4.87546e+06 0.006178
4.81349e+06 0.00803
5.01695e+06 0.023008
5.0756e+06 0.018762
4.87699e+06 0.008645
4.7885e+06 0.026857
4.91069e+06 0.008807
4.80383e+06 0.030109
4.96089e+06 0.014651
4.85922e+06 0.00628
4.79389e+06 0.024962
4.88189e+06 0.042128
5.11417e+06 0.016443
4.91251e+06 0.008895
5.09547e+06 0.021164
4.77806e+06 0.010861
5.00818e+06 0.028026
4.90141e+06 0.020004
4.86394e+06 0.0058
5.13206e+06 0.013875
5.08272e+06 0.006923
5.10082e+06 0.017875
4.78424e+06 0.016992
4.85511e+06 0.024252
4.87461e+06 0.025189
4.78515e+06 0.009983
4.87417e+06 0.006632
4.84855e+06 0.006315
5.07276e+06 0.011846
4.90692e+06 0.01127
4.85522e+06 0.015722
5.06969e+06 0.015397
5.08567e+06 0.018287
5.0439e+06 0.009082
4.81574e+06 0.007907
4.87951e+06 0.006669
4.87374e+06 0.011499
4.84143e+06 0.015022
4.89999e+06 0.014638
5.07799e+06 0.006615
5.07988e+06 0.013169
4.87436e+06 0.020795
4.85676e+06 0.012866
5.09286e+06 0.019085
4.8565e+06 0.018199
4.95092e+06 0.097326
4.83394e+06 0.007816
5.00954e+06 0.021179
4.8057e+06 0.009881
5.13867e+06 0.007761
4.80241e+06 0.017102
4.88162e+06 0.006767
4.87507e+06 0.010836
4.95109e+06 0.004781
4.79352e+06 0.010434
4.87586e+06 0.051901
4.99292e+06 0.019016
4.91385e+06 0.007045
4.8604e+06 0.010802
4.95068e+06 0.01848
5.0672e+06 0.01197
4.84744e+06 0.008489
4.90191e+06 0.017615
4.92976e+06 0.006641
5.00731e+06 0.031887
4.89301e+06 0.054976
5.05785e+06 0.007618
5.06666e+06 0.054123
5.11682e+06 0.014386
4.80056e+06 0.014817
4.87857e+06 0.01095
4.86412e+06 0.021017
4.80691e+06 0.028085
4.91078e+06 0.005989
5.09934e+06 0.009475
4.82201e+06 0.010895
4.78892e+06 0.006485
4.88076e+06 0.020129
5.05557e+06 0.017873
4.84531e+06 0.012746
4.83978e+06 0.006253
4.90071e+06 0.006317
4.81384e+06 0.0077
4.81157e+06 0.016742
5.07194e+06 0.061518
4.87245e+06 0.011406
4.82613e+06 0.00657
4.87033e+06 0.008062
4.89909e+06 0.005128
4.88832e+06 0.011809
4.8728e+06 0.019755
4.8317e+06 0.035992
5.10174e+06 0.009266
5.00091e+06 0.016507
4.84708e+06 0.020569
4.78821e+06 0.015483
4.848e+06 0.010056
4.87276e+06 0.018218
5.04662e+06 0.016408
4.87872e+06 0.005966
4.88195e+06 0.02351
5.13778e+06 0.007143
4.93797e+06 0.016599
4.79341e+06 0.012999
4.84564e+06 0.020609
4.88787e+06 0.016476
4.80461e+06 0.017633
4.9651e+06 0.009468
4.86226e+06 0.017842
4.99225e+06 0.006694
4.88013e+06 0.020676
5.11412e+06 0.008811
4.92486e+06 0.010155
4.92689e+06 0.007486
4.88423e+06 0.038896
4.87114e+06 0.004941
5.07755e+06 0.008899
4.87307e+06 0.006293
4.87762e+06 0.007292
4.86786e+06 0.017735
5.08743e+06 0.007793
4.77746e+06 0.006813
4.95449e+06 0.017144
4.88724e+06 0.011369
4.89677e+06 0.007845
4.80613e+06 0.015131
4.85657e+06 0.021551
4.88009e+06 0.005038
4.93501e+06 0.03182
4.92176e+06 0.016359
4.79865e+06 0.011919
5.03514e+06 0.011097
5.09434e+06 0.007687
4.80808e+06 0.034307
5.04051e+06 0.009932
5.05594e+06 0.054572
5.11014e+06 0.006837
4.87237e+06 0.012988
5.11996e+06 0.007452
4.86196e+06 0.016151
4.91846e+06 0.046674
5.09408e+06 0.005618
4.85966e+06 0.016065
4.97743e+06 0.009948
4.75068e+06 0.008226
4.78299e+06 0.006813
4.92684e+06 0.025956
4.89806e+06 0.015155
5.09916e+06 0.017719
4.91125e+06 0.011192
4.87048e+06 0.009266
5.08605e+06 0.031388
4.94983e+06 0.019213
5.06362e+06 0.013163
4.88569e+06 0.024305
4.80878e+06 0.024602
4.8751e+06 0.010185
4.8622e+06 0.038337
5.0236e+06 0.02327
5.0373e+06 0.013287
5.09769e+06 0.0251
5.03117e+06 0.010624
4.86876e+06 0.007906
4.85108e+06 0.010897
5.04146e+06 0.013912
4.86733e+06 0.011796
5.05101e+06 0.011249
4.96059e+06 0.007313
4.86444e+06 0.006384
4.84859e+06 0.012922
4.79795e+06 0.011106
5.01761e+06 0.019376
5.00389e+06 0.006436
4.88608e+06 0.005182
4.85078e+06 0.020394
4.93278e+06 0.013142
4.88472e+06 0.019759
4.9151e+06 0.017047
4.82726e+06 0.010108
4.86602e+06 0.018466
4.88483e+06 0.01458
4.87693e+06 0.059946
5.10877e+06 0.016674
5.03252e+06 0.023599
4.79381e+06 0.010727
4.83473e+06 0.033212
4.84902e+06 0.011683
4.88714e+06 0.007915
4.86191e+06 0.010421
4.87679e+06 0.028012
4.84444e+06 0.014902
4.91882e+06 0.010381
4.81804e+06 0.010305
5.00542e+06 0.008167
4.9704e+06 0.011347
4.89492e+06 0.039732
5.08726e+06 0.006713
4.8581e+06 0.018511
5.08139e+06 0.021693
4.84592e+06 0.017422
4.98363e+06 0.008062
4.88927e+06 0.010164
4.85009e+06 0.008553
5.03433e+06 0.012028
5.07432e+06 0.010139
4.81868e+06 0.009109
5.00116e+06 0.009212
4.80638e+06 0.032092
4.86137e+06 0.027876
4.9001e+06 0.006565
4.8138e+06 0.015013
5.07268e+06 0.006975
4.79986e+06 0.010412
4.95014e+06 0.03764
4.98522e+06 0.007867
4.99732e+06 0.030524
5.09296e+06 0.006763
4.87792e+06 0.009853
5.09537e+06 0.005652
4.86778e+06 0.01015
4.88069e+06 0.010709
5.06639e+06 0.022681
5.02564e+06 0.032506
4.88689e+06 0.007037
4.88366e+06 0.023233
4.88582e+06 0.01748
5.12704e+06 0.012718
4.80478e+06 0.008396
4.8362e+06 0.017462
4.85695e+06 0.020046
4.86938e+06 0.014664
4.8494e+06 0.012255
5.09416e+06 0.005415
4.79368e+06 0.009166
4.9808e+06 0.006007
4.84792e+06 0.011989
4.89897e+06 0.014236
4.88429e+06 0.009505
4.81652e+06 0.011686
5.07963e+06 0.013814
5.04556e+06 0.016171
4.97457e+06 0.01003
4.81754e+06 0.010641
5.06894e+06 0.011263
4.97738e+06 0.013291
4.80435e+06 0.007808
4.81505e+06 0.009341
4.82379e+06 0.015833
4.86784e+06 0.006002
4.87337e+06 0.00989
4.89782e+06 0.007539
5.12038e+06 0.022074
4.936e+06 0.010595
5.02624e+06 0.013745
4.95962e+06 0.009334
4.95258e+06 0.013926
5.06105e+06 0.006619
5.13398e+06 0.013552
5.11549e+06 0.01194
4.8124e+06 0.005865
4.82623e+06 0.011282
5.08567e+06 0.010128
4.8746e+06 0.025768
5.11258e+06 0.011985
4.78344e+06 0.010731
5.1341e+06 0.00916
4.91246e+06 0.018374
4.8813e+06 0.015174
5.1055e+06 0.016896
4.90316e+06 0.006337
4.81344e+06 0.012905
5.13818e+06 0.045662
4.79662e+06 0.006853
4.83244e+06 0.009441
4.85824e+06 0.011636
4.80706e+06 0.016887
5.04264e+06 0.0306
4.87776e+06 0.017576
4.8407e+06 0.00862
5.08772e+06 0.051977
4.88635e+06 0.006621
4.81442e+06 0.015857
4.95159e+06 0.009521
5.07201e+06 0.025065
4.89315e+06 0.00889
4.95794e+06 0.01473
5.0967e+06 0.030586
4.80381e+06 0.017323
4.97761e+06 0.009078
4.97219e+06 0.009379
4.99019e+06 0.015809
5.10469e+06 0.006224
5.08726e+06 0.007852
5.08206e+06 0.008118
5.07279e+06 0.0211
4.76338e+06 0.012814
5.03743e+06 0.009372
4.93074e+06 0.007985
5.09758e+06 0.008749
4.92378e+06 0.010184
5.08489e+06 0.008871
4.76649e+06 0.016595
5.03929e+06 0.031159
5.01167e+06 0.007433
4.87469e+06 0.014447
4.88804e+06 0.01074
4.87899e+06 0.006386
4.94283e+06 0.009373
4.89212e+06 0.017165
4.88644e+06 0.00606
5.08896e+06 0.008868
4.79317e+06 0.027451
5.12795e+06 0.012879
4.87392e+06 0.01051
5.08928e+06 0.019592
4.88428e+06 0.011315
5.12377e+06 0.006979
4.88629e+06 0.008031
5.08878e+06 0.010735
4.85794e+06 0.009803
4.96312e+06 0.01124
4.86048e+06 0.010996
5.01585e+06 0.005679
