4.78122e+06 0.031462
4.84522e+06 0.026074
4.83902e+06 0.028465
4.75007e+06 0.035988
4.86309e+06 0.05955
4.81526e+06 0.020117
4.77544e+06 0.02419
4.8332e+06 0.046734
4.82146e+06 0.028368
4.77282e+06 0.028513
4.76566e+06 0.023619
4.79635e+06 0.023965
4.78766e+06 0.05118
4.88619e+06 0.034238
4.76814e+06 0.023536
4.78165e+06 0.024072
4.76797e+06 0.0231
4.85334e+06 0.020466
4.86205e+06 0.029009
4.85227e+06 0.033416
4.77955e+06 0.027684
4.76994e+06 0.024793
4.83672e+06 0.040829
4.8317e+06 0.028294
4.83706e+06 0.024758
4.80763e+06 0.023364
4.99341e+06 0.023356
4.78603e+06 0.023798
4.80435e+06 0.024471
4.82918e+06 0.043444
4.81666e+06 0.031143
4.76627e+06 0.021442
4.84452e+06 0.024371
4.74138e+06 0.029789
4.80399e+06 0.027887
4.76677e+06 0.027121
5.00143e+06 0.028964
4.80347e+06 0.024506
4.86495e+06 0.02559
4.8578e+06 0.026027
4.80763e+06 0.020244
4.85927e+06 0.024986
4.79055e+06 0.098491
4.78125e+06 0.030687
4.86692e+06 0.022747
4.8359e+06 0.050022
4.82707e+06 0.04707
4.8052e+06 0.019102
4.80763e+06 0.026877
4.7936e+06 0.022387
4.8534e+06 0.025238
4.81945e+06 0.019365
4.86178e+06 0.04489
4.77671e+06 0.026131
4.83129e+06 0.031528
4.80381e+06 0.026497
4.86163e+06 0.024037
4.80088e+06 0.02185
4.86244e+06 0.021111
4.84759e+06 0.044262
4.82245e+06 0.024127
4.77472e+06 0.023583
4.84998e+06 0.032453
4.8341e+06 0.036813
4.93179e+06 0.030192
4.77646e+06 0.025211
4.8418e+06 0.019449
4.85047e+06 0.026724
4.81529e+06 0.033697
4.83233e+06 0.023865
4.7659e+06 0.030395
4.76637e+06 0.044511
4.7701e+06 0.034409
4.78639e+06 0.023322
4.77524e+06 0.025396
4.79758e+06 0.042328
4.78734e+06 0.029895
4.76637e+06 0.04452
4.97442e+06 0.029742
4.73e+06 0.02723
4.91881e+06 0.021449
4.80452e+06 0.03731
4.78449e+06 0.039314
4.80314e+06 0.024177
4.82593e+06 0.023741
4.80314e+06 0.025519
4.77886e+06 0.031197
4.78927e+06 0.043247
4.82215e+06 0.028045
4.77606e+06 0.022443
4.83186e+06 0.034633
4.89613e+06 0.022603
4.77099e+06 0.022342
4.78154e+06 0.031686
4.86283e+06 0.027177
4.81988e+06 0.022386
4.76955e+06 0.033697
5.00581e+06 0.022276
4.83063e+06 0.02307
4.83564e+06 0.03687
4.80624e+06 0.036026
4.85487e+06 0.019454
4.79814e+06 0.023426
4.79247e+06 0.023646
4.82004e+06 0.025721
4.85972e+06 0.023484
4.81563e+06 0.025863
4.8074e+06 0.032782
4.87195e+06 0.026902
4.8284e+06 0.026172
4.83567e+06 0.03024
4.80832e+06 0.027563
4.78011e+06 0.024294
4.77592e+06 0.051803
4.86313e+06 0.029297
4.96521e+06 0.030357
4.73605e+06 0.027792
4.74094e+06 0.025837
4.81988e+06 0.028399
4.83416e+06 0.039541
4.82868e+06 0.034551
4.8052e+06 0.023939
4.7926e+06 0.032427
4.85939e+06 0.023293
4.87828e+06 0.022008
4.82271e+06 0.023237
4.84425e+06 0.019711
4.84924e+06 0.024213
4.77903e+06 0.05423
4.72708e+06 0.028326
4.78913e+06 0.022418
4.82634e+06 0.02393
4.87965e+06 0.032989
4.76526e+06 0.02661
4.94126e+06 0.024122
4.91791e+06 0.025566
4.83189e+06 0.025105
4.81356e+06 0.030555
4.89459e+06 0.038749
4.82653e+06 0.027556
4.77448e+06 0.025439
4.93477e+06 0.030825
4.84281e+06 0.032838
4.81467e+06 0.025342
4.85663e+06 0.022852
4.82623e+06 0.032339
4.73738e+06 0.022072
4.8326e+06 0.04576
4.80605e+06 0.02672
4.77156e+06 0.024262
4.85746e+06 0.025003
4.85278e+06 0.035857
4.80314e+06 0.024005
4.8168e+06 0.023702
4.81525e+06 0.019561
4.78258e+06 0.029623
4.95916e+06 0.073974
4.81699e+06 0.019785
4.80624e+06 0.032112
4.83019e+06 0.02975
4.83349e+06 0.023466
4.85312e+06 0.026847
4.81736e+06 0.020473
4.95022e+06 0.026112
4.77293e+06 0.027239
4.81699e+06 0.020514
4.86423e+06 0.021614
4.77566e+06 0.021695
4.88742e+06 0.028264
4.77588e+06 0.03031
4.85988e+06 0.02462
4.77567e+06 0.021846
4.79105e+06 0.032853
4.82287e+06 0.057661
4.78829e+06 0.02416
4.77374e+06 0.028011
4.77526e+06 0.022824
4.86663e+06 0.021443
4.79356e+06 0.030352
4.84992e+06 0.031737
4.78256e+06 0.024363
4.81995e+06 0.032549
4.80763e+06 0.032047
4.83209e+06 0.023636
4.8168e+06 0.040171
4.84995e+06 0.024337
4.82706e+06 0.022488
4.81563e+06 0.038961
4.88189e+06 0.058113
4.83621e+06 0.028002
5.00563e+06 0.022031
4.98408e+06 0.038686
4.77671e+06 0.027621
4.95802e+06 0.049144
4.85176e+06 0.033011
4.76967e+06 0.021701
4.81853e+06 0.028996
5.08173e+06 0.021109
4.83569e+06 0.024742
4.76132e+06 0.032123
4.84175e+06 0.029652
4.84924e+06 0.030713
4.77903e+06 0.026999
4.82634e+06 0.022241
4.81526e+06 0.022483
4.81808e+06 0.030471
4.81736e+06 0.022665
4.82653e+06 0.026369
4.86152e+06 0.025501
4.76808e+06 0.028604
4.87637e+06 0.027591
4.84737e+06 0.021196
4.84025e+06 0.03645
4.80381e+06 0.033387
4.76918e+06 0.025482
4.82248e+06 0.024097
4.8033e+06 0.019939
4.86877e+06 0.032492
4.78357e+06 0.046277
4.85094e+06 0.032377
4.78601e+06 0.02304
4.83067e+06 0.023007
5.08094e+06 0.047435
4.81365e+06 0.021345
4.83999e+06 0.027054
4.78357e+06 0.025746
4.82676e+06 0.023068
4.79101e+06 0.022075
4.81745e+06 0.032997
4.82004e+06 0.022614
4.81175e+06 0.019323
4.76994e+06 0.025389
4.84945e+06 0.037193
4.82588e+06 0.050377
4.83186e+06 0.01942
4.77886e+06 0.02707
4.83678e+06 0.030446
4.83609e+06 0.025633
4.8168e+06 0.033174
4.78923e+06 0.024046
4.7592e+06 0.020619
4.84085e+06 0.055175
4.85723e+06 0.075313
4.8509e+06 0.022884
4.81699e+06 0.073418
4.87117e+06 0.028197
4.83019e+06 0.030342
4.83195e+06 0.025525
4.83644e+06 0.022918
4.77107e+06 0.037706
4.89711e+06 0.021994
4.77426e+06 0.020639
4.83186e+06 0.020755
4.83477e+06 0.023538
4.77294e+06 0.027966
4.77671e+06 0.030332
4.82517e+06 0.02271
4.83206e+06 0.022236
4.74623e+06 0.020807
4.80763e+06 0.02639
4.82689e+06 0.027104
4.82737e+06 0.080829
4.87245e+06 0.026179
4.80288e+06 0.023256
4.84594e+06 0.030202
4.80314e+06 0.01977
4.81377e+06 0.028896
4.73605e+06 0.032457
4.8317e+06 0.06413
4.80314e+06 0.024503
4.81699e+06 0.036468
4.82525e+06 0.065911
4.76625e+06 0.023414
4.82607e+06 0.024135
4.82869e+06 0.0346
4.83902e+06 0.026791
4.76918e+06 0.020884
4.74122e+06 0.044651
4.79842e+06 0.023513
4.82934e+06 0.025929
4.86888e+06 0.027419
4.76797e+06 0.026012
4.79814e+06 0.023688
4.86587e+06 0.0277
4.81665e+06 0.063343
4.82889e+06 0.025985
4.86408e+06 0.027587
4.83124e+06 0.027832
4.80832e+06 0.027889
4.92014e+06 0.025777
4.78994e+06 0.023273
4.76797e+06 0.050413
4.81355e+06 0.020952
4.84369e+06 0.024599
4.80531e+06 0.039292
4.82686e+06 0.021765
4.74907e+06 0.0258
4.7255e+06 0.023393
4.77426e+06 0.020257
4.87656e+06 0.027025
4.87035e+06 0.0294
4.76967e+06 0.022875
4.7747e+06 0.029857
4.83888e+06 0.034811
4.80531e+06 0.020504
4.85855e+06 0.049362
4.81362e+06 0.030535
4.83672e+06 0.027924
5.01429e+06 0.030351
4.78459e+06 0.019491
4.84595e+06 0.023496
4.80832e+06 0.035021
4.85753e+06 0.045805
4.80605e+06 0.02134
4.80314e+06 0.019857
4.84425e+06 0.023553
4.84794e+06 0.038284
4.81525e+06 0.050754
4.82495e+06 0.02323
4.7415e+06 0.032371
4.78909e+06 0.028699
4.7436e+06 0.022966
4.77539e+06 0.023744
5.07776e+06 0.026395
4.80314e+06 0.023364
4.80347e+06 0.034224
4.76797e+06 0.023633
4.8305e+06 0.024777
4.77955e+06 0.044392
4.84473e+06 0.035771
5.02864e+06 0.019783
4.77024e+06 0.033705
4.79579e+06 0.031125
4.81747e+06 0.020234
4.80381e+06 0.036023
4.8054e+06 0.033283
4.77102e+06 0.024282
4.80545e+06 0.034171
4.7453e+06 0.022386
4.79836e+06 0.019866
4.79814e+06 0.028573
4.83739e+06 0.034359
4.86672e+06 0.040614
4.78156e+06 0.029481
4.86075e+06 0.022195
4.83848e+06 0.018937
4.85475e+06 0.02815
4.83949e+06 0.034272
5.01761e+06 0.04978
4.74906e+06 0.023005
4.82144e+06 0.021307
4.77203e+06 0.022018
4.82977e+06 0.023713
4.86277e+06 0.036506
4.76918e+06 0.020281
4.80381e+06 0.028487
4.83887e+06 0.029664
4.84458e+06 0.025461
4.81777e+06 0.046985
4.83233e+06 0.030974
4.78256e+06 0.032332
4.94712e+06 0.030217
4.82686e+06 0.042185
4.84902e+06 0.029959
4.80381e+06 0.021258
4.85702e+06 0.025316
5.02847e+06 0.034352
4.76591e+06 0.033889
4.81445e+06 0.021881
4.81804e+06 0.036826
4.79386e+06 0.021118
4.87314e+06 0.020159
5.09246e+06 0.051432
4.7701e+06 0.039767
4.81988e+06 0.031393
4.85935e+06 0.050887
4.833e+06 0.02991
5.02191e+06 0.019379
4.82579e+06 0.023875
4.8074e+06 0.026091
4.84452e+06 0.026207
5.0219e+06 0.021091
4.74164e+06 0.022735
4.83675e+06 0.024343
4.76907e+06 0.032146
4.82644e+06 0.045726
4.80314e+06 0.02022
4.78154e+06 0.02718
4.82546e+06 0.019698
4.79986e+06 0.024296
4.81939e+06 0.058241
4.81738e+06 0.033629
4.82644e+06 0.041703
4.78301e+06 0.022245
4.82998e+06 0.020302
4.80381e+06 0.022391
4.83963e+06 0.028584
4.75593e+06 0.028749
4.87185e+06 0.035586
4.88812e+06 0.039492
4.86269e+06 0.025046
4.87386e+06 0.031254
4.76967e+06 0.030424
4.82707e+06 0.025879
4.83603e+06 0.02244
4.83189e+06 0.034919
4.81571e+06 0.039429
4.93253e+06 0.025369
4.83933e+06 0.024573
4.77996e+06 0.018966
4.77578e+06 0.021948
4.79821e+06 0.019623
4.84792e+06 0.02531
4.85549e+06 0.031355
4.8518e+06 0.026972
4.81972e+06 0.027671
4.827e+06 0.026395
4.8411e+06 0.034348
4.81034e+06 0.026294
4.78255e+06 0.026393
4.80333e+06 0.027011
4.73278e+06 0.027866
4.77771e+06 0.02327
4.81505e+06 0.024044
4.79545e+06 0.023384
4.96337e+06 0.022589
4.8033e+06 0.020424
4.81736e+06 0.021401
4.82935e+06 0.030519
4.78766e+06 0.023494
4.82936e+06 0.025782
4.82869e+06 0.026431
4.84452e+06 0.02997
4.76797e+06 0.020928
4.86463e+06 0.026497
4.82782e+06 0.022027
4.79887e+06 0.025626
4.80763e+06 0.028265
4.83564e+06 0.025945
4.8625e+06 0.02722
4.74167e+06 0.03029
4.83672e+06 0.023199
4.87907e+06 0.025993
4.83285e+06 0.032256
4.82306e+06 0.031866
4.84486e+06 0.026016
4.77144e+06 0.019869
4.79788e+06 0.021683
5.05059e+06 0.047112
4.76712e+06 0.022423
4.80093e+06 0.022065
4.77123e+06 0.0204
4.80706e+06 0.023524
4.77204e+06 0.027396
4.93738e+06 0.025478
4.81988e+06 0.025169
4.85661e+06 0.05952
4.84004e+06 0.019223
4.77955e+06 0.036351
4.775e+06 0.021664
4.81988e+06 0.036868
4.80381e+06 0.022775
4.76566e+06 0.030537
4.76814e+06 0.025484
4.79531e+06 0.027264
4.86138e+06 0.022282
4.96158e+06 0.02361
4.86857e+06 0.020706
4.86041e+06 0.02201
4.91329e+06 0.033555
4.79335e+06 0.022174
4.85964e+06 0.030267
4.76191e+06 0.025712
4.83261e+06 0.024518
4.75206e+06 0.022636
4.97253e+06 0.024886
4.81988e+06 0.021301
4.83241e+06 0.023809
4.76649e+06 0.050217
4.88216e+06 0.0379
5.00117e+06 0.028113
4.76813e+06 0.034551
4.74073e+06 0.028651
4.77099e+06 0.020946
4.92696e+06 0.021361
4.81563e+06 0.021404
4.83335e+06 0.019962
4.83672e+06 0.022068
4.77892e+06 0.049145
4.95235e+06 0.052287
4.80401e+06 0.024622
4.84458e+06 0.024242
4.84184e+06 0.029101
4.8359e+06 0.021991
4.78223e+06 0.022191
4.83574e+06 0.025616
4.82686e+06 0.023218
4.86704e+06 0.029789
4.83635e+06 0.021572
4.81521e+06 0.027776
