1.05263e+07 0.044085
1.04449e+07 0.030103
1.05794e+07 0.038693
1.07416e+07 0.05096
1.07566e+07 0.027232
1.09475e+07 0.030519
1.05883e+07 0.032189
1.02677e+07 0.034836
1.06874e+07 0.039589
1.07217e+07 0.045538
1.06582e+07 0.044676
1.09058e+07 0.041929
1.05772e+07 0.037147
1.04191e+07 0.033387
1.06467e+07 0.032768
1.10925e+07 0.039896
1.11234e+07 0.031551
1.0931e+07 0.040084
1.10232e+07 0.046218
1.04991e+07 0.033542
1.0617e+07 0.038582
1.03464e+07 0.045381
1.09304e+07 0.03632
1.05445e+07 0.03597
1.10696e+07 0.040497
1.02737e+07 0.034663
1.07058e+07 0.031222
1.04018e+07 0.031505
1.04699e+07 0.039538
1.05281e+07 0.03893
1.08121e+07 0.025173
1.06518e+07 0.038217
1.04601e+07 0.038146
1.07503e+07 0.036564
1.06139e+07 0.034994
1.09018e+07 0.039718
1.095e+07 0.042563
1.07857e+07 0.034724
1.03672e+07 0.035339
1.07727e+07 0.031958
1.05616e+07 0.032369
1.06498e+07 0.038577
1.05241e+07 0.029662
1.09694e+07 0.035962
1.08899e+07 0.034304
1.05758e+07 0.033894
1.08826e+07 0.033324
1.03893e+07 0.04306
1.04685e+07 0.035317
1.08349e+07 0.039742
1.09305e+07 0.030141
1.05587e+07 0.033562
1.05016e+07 0.040965
1.04687e+07 0.040195
1.07934e+07 0.040351
1.11261e+07 0.062406
1.06627e+07 0.046797
1.05457e+07 0.029416
1.04685e+07 0.034161
1.06324e+07 0.03051
1.1044e+07 0.029949
1.05009e+07 0.032953
1.03201e+07 0.038686
1.04469e+07 0.033036
1.05276e+07 0.028541
1.07415e+07 0.030179
1.10434e+07 0.025812
1.06131e+07 0.031023
1.0862e+07 0.037595
1.07789e+07 0.030595
1.04378e+07 0.030518
1.07402e+07 0.028102
1.0824e+07 0.051234
1.04117e+07 0.047404
1.0825e+07 0.033123
1.10028e+07 0.031191
1.0944e+07 0.03513
1.03277e+07 0.03912
1.06465e+07 0.037032
1.06094e+07 0.045632
1.0495e+07 0.032535
1.07209e+07 0.035406
1.06495e+07 0.038818
1.06341e+07 0.036684
1.07862e+07 0.041512
1.05772e+07 0.033034
1.05464e+07 0.031648
1.03483e+07 0.037844
1.04575e+07 0.043822
1.05919e+07 0.039865
1.09864e+07 0.037963
1.09608e+07 0.037181
1.04973e+07 0.036767
1.08422e+07 0.033794
1.04955e+07 0.03206
1.04847e+07 0.031457
1.10784e+07 0.031371
1.04682e+07 0.037939
1.06499e+07 0.038573
1.04956e+07 0.039653
1.06896e+07 0.030515
1.08306e+07 0.035535
1.12818e+07 0.026032
1.0669e+07 0.031057
1.03899e+07 0.039616
1.07957e+07 0.02772
1.04329e+07 0.037898
1.06429e+07 0.027211
1.05064e+07 0.032466
1.0945e+07 0.040807
1.06153e+07 0.041177
1.07177e+07 0.04127
1.03682e+07 0.030984
1.0433e+07 0.03603
1.08325e+07 0.028565
1.05596e+07 0.033332
1.0431e+07 0.030846
1.05254e+07 0.049712
1.0531e+07 0.032587
1.05059e+07 0.03177
1.05132e+07 0.056391
1.10481e+07 0.028715
1.04738e+07 0.036604
1.03858e+07 0.034383
1.04722e+07 0.034626
1.05703e+07 0.030689
1.05121e+07 0.034014
1.09813e+07 0.05695
1.08316e+07 0.038176
1.10907e+07 0.035862
1.04561e+07 0.042597
1.05388e+07 0.042092
1.02505e+07 0.031682
1.02589e+07 0.030231
1.12439e+07 0.04712
1.02985e+07 0.031926
1.06749e+07 0.028839
1.0427e+07 0.036976
1.02476e+07 0.028281
1.05381e+07 0.036896
1.05985e+07 0.035544
1.08097e+07 0.039365
1.11135e+07 0.031649
1.02465e+07 0.037999
1.06748e+07 0.027958
1.06535e+07 0.039551
1.03484e+07 0.032401
1.0487e+07 0.037088
1.05297e+07 0.032849
1.05713e+07 0.033702
1.10693e+07 0.030441
1.06312e+07 0.030698
1.09704e+07 0.042613
1.04927e+07 0.035849
1.0406e+07 0.032472
1.0588e+07 0.03159
1.04053e+07 0.035302
1.07675e+07 0.038708
1.03648e+07 0.029219
1.0565e+07 0.046954
1.07465e+07 0.031873
1.02673e+07 0.029353
1.05417e+07 0.037726
1.0669e+07 0.036495
1.07324e+07 0.047166
1.08992e+07 0.049362
1.03539e+07 0.038785
1.0507e+07 0.031981
1.07398e+07 0.041667
1.04298e+07 0.041736
1.08775e+07 0.034507
1.0899e+07 0.033422
1.08839e+07 0.040217
1.08224e+07 0.039069
1.06396e+07 0.0411
1.06869e+07 0.033332
1.07472e+07 0.043313
1.04764e+07 0.0358
1.06319e+07 0.0333
1.04783e+07 0.034559
1.08363e+07 0.044626
1.10348e+07 0.044092
1.05184e+07 0.030184
1.05589e+07 0.035727
1.10442e+07 0.031954
1.08362e+07 0.034406
1.05599e+07 0.033687
1.06009e+07 0.029512
1.06828e+07 0.041351
1.03957e+07 0.032531
1.04908e+07 0.036802
1.09244e+07 0.030798
1.06278e+07 0.032793
1.02698e+07 0.044619
1.0632e+07 0.041649
1.04211e+07 0.031878
1.08748e+07 0.035042
1.07229e+07 0.026813
1.10151e+07 0.03272
1.02798e+07 0.037738
1.06527e+07 0.045978
1.04255e+07 0.031127
1.0495e+07 0.044604
1.05985e+07 0.032667
1.08449e+07 0.030235
1.06618e+07 0.029697
1.08802e+07 0.027853
1.10052e+07 0.02357
1.06021e+07 0.036694
1.04467e+07 0.030557
1.03655e+07 0.039617
1.12243e+07 0.027261
1.12807e+07 0.02588
1.06357e+07 0.028714
1.11283e+07 0.030644
1.03049e+07 0.036936
1.06625e+07 0.035775
1.11296e+07 0.024506
1.04325e+07 0.030241
1.07531e+07 0.029328
1.04545e+07 0.034427
1.02206e+07 0.044662
1.06269e+07 0.032868
1.04771e+07 0.033666
1.04906e+07 0.036037
1.08728e+07 0.035943
1.04103e+07 0.03543
1.04699e+07 0.034436
1.06869e+07 0.028286
1.04093e+07 0.026574
1.06576e+07 0.032158
1.04847e+07 0.03479
1.04475e+07 0.036039
1.09084e+07 0.027192
1.06431e+07 0.031862
1.04592e+07 0.032973
1.0739e+07 0.032696
1.07592e+07 0.032466
1.05081e+07 0.030056
1.06823e+07 0.037448
1.07424e+07 0.034974
1.06445e+07 0.035787
1.05762e+07 0.037632
1.05104e+07 0.038284
1.04305e+07 0.03356
1.07209e+07 0.037582
1.08994e+07 0.032281
1.118e+07 0.043111
1.03954e+07 0.030804
1.06312e+07 0.035516
1.05335e+07 0.035098
1.04403e+07 0.044991
1.05249e+07 0.042721
1.09628e+07 0.02812
1.07193e+07 0.038275
1.05679e+07 0.045276
1.05443e+07 0.030861
1.03716e+07 0.039305
1.08366e+07 0.039047
1.07373e+07 0.04548
1.05139e+07 0.036359
1.0436e+07 0.048243
1.04068e+07 0.045214
1.07542e+07 0.029612
1.11198e+07 0.040916
1.08732e+07 0.046253
1.0503e+07 0.032734
1.0532e+07 0.031769
1.09888e+07 0.029498
1.05941e+07 0.033811
1.09966e+07 0.047227
1.11714e+07 0.029493
1.04255e+07 0.031647
1.11424e+07 0.027966
1.05462e+07 0.037744
1.06297e+07 0.031268
1.05687e+07 0.045154
1.04749e+07 0.029545
1.08458e+07 0.026121
1.05708e+07 0.032504
1.04784e+07 0.033546
1.0471e+07 0.044245
1.05491e+07 0.038423
1.0583e+07 0.043123
1.08042e+07 0.032419
1.05602e+07 0.032299
1.04646e+07 0.035271
1.04736e+07 0.039432
1.07804e+07 0.028753
1.0491e+07 0.033097
1.04858e+07 0.040925
1.05119e+07 0.038506
1.08507e+07 0.032823
1.05166e+07 0.03312
1.06178e+07 0.040504
1.03992e+07 0.027998
1.10853e+07 0.029144
1.02754e+07 0.032033
1.04784e+07 0.03218
1.0719e+07 0.031599
1.06718e+07 0.034597
1.06103e+07 0.032462
1.09353e+07 0.037832
1.0618e+07 0.038642
1.09405e+07 0.056436
1.06164e+07 0.034329
1.03756e+07 0.04006
1.07048e+07 0.035512
1.05222e+07 0.039106
1.04898e+07 0.040701
1.07415e+07 0.039133
1.05427e+07 0.031276
1.06563e+07 0.041965
1.04003e+07 0.033068
1.04647e+07 0.03193
1.05927e+07 0.040832
1.0732e+07 0.032087
1.07077e+07 0.033154
1.07433e+07 0.033699
1.04065e+07 0.032764
1.04479e+07 0.036703
1.13016e+07 0.031833
1.05484e+07 0.03248
1.10511e+07 0.033406
1.03732e+07 0.033367
1.04867e+07 0.03403
1.04107e+07 0.030466
1.06972e+07 0.042179
1.06709e+07 0.03202
1.08891e+07 0.042122
1.09113e+07 0.042642
1.04756e+07 0.030621
1.03737e+07 0.032639
1.10027e+07 0.034577
1.06465e+07 0.038303
1.10244e+07 0.040778
1.04872e+07 0.03396
1.05274e+07 0.034232
1.07629e+07 0.0277
1.08227e+07 0.04127
1.05605e+07 0.032194
1.05303e+07 0.03712
1.03583e+07 0.038997
1.04335e+07 0.030029
1.05187e+07 0.032633
1.04559e+07 0.037529
1.05463e+07 0.041845
1.04795e+07 0.029506
1.07037e+07 0.032951
1.06027e+07 0.039076
1.06187e+07 0.039714
1.04068e+07 0.03278
1.09074e+07 0.035621
1.07589e+07 0.032194
1.09457e+07 0.036085
1.05203e+07 0.038851
1.08117e+07 0.02809
1.03618e+07 0.050373
1.07836e+07 0.042703
1.07041e+07 0.037365
1.02515e+07 0.035557
1.05352e+07 0.027469
1.07102e+07 0.033816
1.06e+07 0.035677
1.04403e+07 0.030956
1.04149e+07 0.037415
1.07059e+07 0.034594
1.03053e+07 0.039794
1.03652e+07 0.039297
1.06267e+07 0.039956
1.08678e+07 0.037509
1.04572e+07 0.032845
1.03998e+07 0.030287
1.0449e+07 0.030096
1.07765e+07 0.032327
1.08507e+07 0.037866
1.0966e+07 0.036609
1.07636e+07 0.053778
1.06918e+07 0.037105
1.03988e+07 0.036787
1.07414e+07 0.028257
1.11045e+07 0.026351
1.07901e+07 0.034324
1.05151e+07 0.034808
1.08573e+07 0.035143
1.03521e+07 0.033604
1.02447e+07 0.035526
1.04692e+07 0.033524
1.06602e+07 0.032884
1.09005e+07 0.040541
1.0721e+07 0.030096
1.0605e+07 0.032563
1.04606e+07 0.031736
1.06796e+07 0.033444
1.09477e+07 0.027991
1.10963e+07 0.035065
1.07014e+07 0.032017
1.0461e+07 0.030387
1.09288e+07 0.022679
1.04859e+07 0.027706
1.07673e+07 0.038212
1.05301e+07 0.04824
1.10546e+07 0.031284
1.05802e+07 0.031823
1.05612e+07 0.034695
1.09167e+07 0.026496
1.06815e+07 0.033135
1.03262e+07 0.039242
1.05386e+07 0.045522
1.06531e+07 0.043379
1.07582e+07 0.049317
1.0529e+07 0.037268
1.05749e+07 0.038964
1.07303e+07 0.039933
1.04917e+07 0.030612
1.0537e+07 0.028527
1.07876e+07 0.027251
1.09173e+07 0.029091
1.0717e+07 0.035612
1.06649e+07 0.035953
1.10407e+07 0.03073
1.07817e+07 0.031534
1.04043e+07 0.036778
1.08072e+07 0.060739
1.04935e+07 0.026298
1.08412e+07 0.034
1.08811e+07 0.026286
1.0347e+07 0.029545
1.0516e+07 0.037817
1.09401e+07 0.035414
1.06326e+07 0.05123
1.04421e+07 0.030512
1.04599e+07 0.03305
1.05926e+07 0.032943
1.0562e+07 0.033503
1.04724e+07 0.037734
1.07512e+07 0.03591
1.08537e+07 0.02547
1.07803e+07 0.03219
1.0639e+07 0.031596
1.06291e+07 0.034649
1.02479e+07 0.033614
1.07438e+07 0.039271
1.0695e+07 0.031707
1.10664e+07 0.034306
1.07608e+07 0.030973
1.04278e+07 0.0369
1.05491e+07 0.033144
1.05214e+07 0.039149
1.06725e+07 0.050887
1.09914e+07 0.054618
1.0454e+07 0.036636
1.04808e+07 0.041637
1.08252e+07 0.030221
1.04389e+07 0.047711
1.04602e+07 0.037821
1.06873e+07 0.031851
1.04384e+07 0.032758
1.06826e+07 0.036961
1.08223e+07 0.028255
1.05785e+07 0.03303
1.06581e+07 0.03275
1.03343e+07 0.038627
1.0474e+07 0.032822
1.04697e+07 0.033753
1.04968e+07 0.025648
1.04439e+07 0.037489
1.0464e+07 0.03777
1.04285e+07 0.036737
1.09064e+07 0.036422
1.05419e+07 0.037731
1.09543e+07 0.035265
1.08612e+07 0.035736
1.11241e+07 0.029066
1.0615e+07 0.031659
1.06586e+07 0.036598
1.04625e+07 0.027296
1.03484e+07 0.041771
1.11355e+07 0.025392
1.04771e+07 0.033613
1.05991e+07 0.046944
1.06068e+07 0.04107
1.08319e+07 0.040103
1.09679e+07 0.03336
1.05111e+07 0.031302
1.04645e+07 0.031544
1.05841e+07 0.050548
1.03188e+07 0.042625
1.06801e+07 0.039084
1.05291e+07 0.038605
1.05513e+07 0.037322
1.07249e+07 0.046858
1.04467e+07 0.035456
1.05869e+07 0.038358
1.09195e+07 0.039543
1.0335e+07 0.03229
1.04725e+07 0.032143
1.04253e+07 0.044353
1.0815e+07 0.034784
1.13309e+07 0.047877
