1.0781e+07 0.050529
1.0447e+07 0.030438
1.04551e+07 0.033568
1.03939e+07 0.033045
1.06216e+07 0.026799
1.04646e+07 0.029928
1.05335e+07 0.03721
1.0211e+07 0.039599
1.06463e+07 0.03646
1.04045e+07 0.041099
1.07625e+07 0.039765
1.04252e+07 0.033431
1.06307e+07 0.029698
1.03581e+07 0.033933
1.06487e+07 0.03245
1.05824e+07 0.039085
1.06505e+07 0.035176
1.06761e+07 0.032605
1.03125e+07 0.028956
1.05117e+07 0.029
1.06617e+07 0.033182
1.07492e+07 0.033644
1.0365e+07 0.03536
1.05858e+07 0.0343
1.04926e+07 0.047515
1.06497e+07 0.037813
1.05359e+07 0.033418
1.08705e+07 0.03434
1.04406e+07 0.033127
1.06102e+07 0.029507
1.03729e+07 0.038573
1.04991e+07 0.033359
1.05957e+07 0.039232
1.10529e+07 0.034392
1.0507e+07 0.03226
1.06343e+07 0.031931
1.0778e+07 0.035228
1.02042e+07 0.041522
1.03399e+07 0.042678
1.10116e+07 0.03224
1.06244e+07 0.028039
1.05467e+07 0.036113
1.05939e+07 0.031482
1.05769e+07 0.031045
1.06694e+07 0.031975
1.0497e+07 0.036808
1.07003e+07 0.033698
1.05141e+07 0.033199
1.05434e+07 0.02749
1.06826e+07 0.030523
1.04743e+07 0.040095
1.07553e+07 0.034559
1.06774e+07 0.032059
1.06848e+07 0.036199
1.06255e+07 0.029099
1.07801e+07 0.059816
1.09291e+07 0.028098
1.08859e+07 0.030303
1.06182e+07 0.030498
1.05239e+07 0.030721
1.11192e+07 0.032687
1.03923e+07 0.036106
1.04867e+07 0.033465
1.0654e+07 0.032802
1.05291e+07 0.031156
1.04357e+07 0.037794
1.03496e+07 0.035481
1.0407e+07 0.037836
1.04855e+07 0.032147
1.04764e+07 0.025971
1.04659e+07 0.040905
1.05331e+07 0.033994
1.0485e+07 0.03278
1.04687e+07 0.032437
1.04404e+07 0.039667
1.09711e+07 0.025811
1.03299e+07 0.030387
1.04038e+07 0.031798
1.04876e+07 0.033904
1.05719e+07 0.031369
1.05057e+07 0.034803
1.10058e+07 0.028141
1.04266e+07 0.040562
1.042e+07 0.031328
1.05103e+07 0.031783
1.05365e+07 0.027824
1.04506e+07 0.028573
1.07362e+07 0.030635
1.04446e+07 0.033151
1.03605e+07 0.034855
1.09589e+07 0.026963
1.04489e+07 0.031242
1.06488e+07 0.034037
1.05202e+07 0.040203
1.06402e+07 0.030041
1.04058e+07 0.03145
1.06346e+07 0.029698
1.04539e+07 0.035139
1.04961e+07 0.026265
1.10142e+07 0.026823
1.07942e+07 0.035084
1.04957e+07 0.030065
1.04592e+07 0.040131
1.06058e+07 0.044788
1.10507e+07 0.030703
1.09453e+07 0.027609
1.04874e+07 0.031226
1.05684e+07 0.034164
1.08292e+07 0.028633
1.06877e+07 0.033999
1.07767e+07 0.035821
1.10365e+07 0.029087
1.05607e+07 0.033639
1.05161e+07 0.03092
1.04979e+07 0.03489
1.05098e+07 0.032471
1.04991e+07 0.037195
1.07063e+07 0.037494
1.09758e+07 0.031189
1.03024e+07 0.032598
1.0836e+07 0.041539
1.04619e+07 0.034168
1.04928e+07 0.032757
1.08473e+07 0.044281
1.05393e+07 0.03569
1.05621e+07 0.028596
1.06771e+07 0.031766
1.05269e+07 0.036783
1.04756e+07 0.033741
1.04783e+07 0.039942
1.09732e+07 0.026905
1.062e+07 0.044128
1.09525e+07 0.026854
1.07549e+07 0.029716
1.0626e+07 0.050719
1.01883e+07 0.035443
1.03646e+07 0.046673
1.03165e+07 0.032703
1.05768e+07 0.0336
1.08472e+07 0.030727
1.03468e+07 0.035107
1.08862e+07 0.039161
1.06307e+07 0.037831
1.04139e+07 0.034513
1.04846e+07 0.031591
1.06024e+07 0.030427
1.08587e+07 0.026346
1.04184e+07 0.033671
1.1163e+07 0.027263
1.04376e+07 0.035307
1.05274e+07 0.044599
1.04687e+07 0.027412
1.07024e+07 0.027762
1.06202e+07 0.032806
1.04871e+07 0.039025
1.07128e+07 0.028827
1.07859e+07 0.031363
1.02314e+07 0.028385
1.06192e+07 0.030516
1.05555e+07 0.030336
1.03399e+07 0.032702
1.04987e+07 0.029821
1.0693e+07 0.034204
1.06511e+07 0.032508
1.08112e+07 0.038617
1.07604e+07 0.032319
1.04851e+07 0.03253
1.05306e+07 0.03763
1.05526e+07 0.033744
1.06736e+07 0.032679
1.03484e+07 0.037724
1.06714e+07 0.02957
1.0333e+07 0.038457
1.07563e+07 0.030243
1.06647e+07 0.03974
1.05425e+07 0.033516
1.09635e+07 0.029613
1.06984e+07 0.033243
1.08251e+07 0.03175
1.05956e+07 0.039386
1.07525e+07 0.040789
1.09168e+07 0.029909
1.06216e+07 0.032745
1.04916e+07 0.035634
1.03555e+07 0.033013
1.04406e+07 0.03917
1.05377e+07 0.031607
1.03053e+07 0.037557
1.06084e+07 0.037239
1.08161e+07 0.033823
1.05407e+07 0.041794
1.05302e+07 0.035712
1.09134e+07 0.036373
1.04358e+07 0.033303
1.05922e+07 0.031349
1.03544e+07 0.034089
1.04672e+07 0.041099
1.04961e+07 0.033012
1.0985e+07 0.026362
1.04989e+07 0.033137
1.07336e+07 0.027046
1.08746e+07 0.027963
1.04223e+07 0.037913
1.06075e+07 0.040376
1.04113e+07 0.0378
1.05365e+07 0.038687
1.05572e+07 0.032539
1.05862e+07 0.030246
1.08698e+07 0.032956
1.02519e+07 0.037695
1.04602e+07 0.030081
1.05192e+07 0.037198
1.04816e+07 0.035875
1.04673e+07 0.030533
1.05238e+07 0.031363
1.07068e+07 0.034514
1.06832e+07 0.03573
1.0463e+07 0.03173
1.059e+07 0.040818
1.0796e+07 0.031526
1.07444e+07 0.035696
1.02618e+07 0.048769
1.06908e+07 0.034679
1.04215e+07 0.033002
1.05405e+07 0.036546
1.04807e+07 0.036811
1.08476e+07 0.036215
1.08257e+07 0.027861
1.05562e+07 0.035412
1.05172e+07 0.037206
1.05319e+07 0.033254
1.10315e+07 0.035828
1.06111e+07 0.032932
1.07833e+07 0.033847
1.02042e+07 0.03187
1.03977e+07 0.031916
1.0477e+07 0.032277
1.07504e+07 0.031034
1.04627e+07 0.034656
1.06893e+07 0.029077
1.05201e+07 0.032463
1.04302e+07 0.035434
1.08674e+07 0.032983
1.03916e+07 0.031158
1.05615e+07 0.030897
1.05486e+07 0.026368
1.04076e+07 0.036774
1.06297e+07 0.043316
1.0371e+07 0.036666
1.06001e+07 0.033888
1.05169e+07 0.038704
1.04612e+07 0.031691
1.0489e+07 0.037013
1.08814e+07 0.033024
1.06658e+07 0.028191
1.05887e+07 0.036405
1.07425e+07 0.031156
1.08958e+07 0.027998
1.06314e+07 0.035675
1.1114e+07 0.026452
1.05988e+07 0.038203
1.06101e+07 0.035429
1.04247e+07 0.045482
1.06941e+07 0.032172
1.04123e+07 0.056118
1.05874e+07 0.038447
1.05633e+07 0.035353
1.04448e+07 0.035298
1.04814e+07 0.030594
1.08195e+07 0.039266
1.10177e+07 0.036898
1.0403e+07 0.031117
1.08346e+07 0.028026
1.06064e+07 0.033608
1.04553e+07 0.035295
1.07202e+07 0.031761
1.08377e+07 0.034247
1.04838e+07 0.031952
1.03735e+07 0.035749
1.09739e+07 0.0328
1.05358e+07 0.039306
1.08162e+07 0.041381
1.07587e+07 0.033895
1.05758e+07 0.038573
1.05013e+07 0.042869
1.0563e+07 0.041431
1.10021e+07 0.036581
1.03099e+07 0.031448
1.06519e+07 0.030345
1.04443e+07 0.033607
1.04046e+07 0.037582
1.11889e+07 0.031571
1.05117e+07 0.029914
1.04131e+07 0.037956
1.05761e+07 0.027965
1.04894e+07 0.034376
1.06741e+07 0.037427
1.06083e+07 0.03283
1.04915e+07 0.03338
1.0869e+07 0.029757
1.0638e+07 0.02804
1.05908e+07 0.040106
1.06185e+07 0.038708
1.05438e+07 0.034499
1.06236e+07 0.043378
1.08291e+07 0.032499
1.05106e+07 0.033646
1.10947e+07 0.034416
1.03959e+07 0.032294
1.06367e+07 0.031932
1.04776e+07 0.040306
1.02055e+07 0.034635
1.09298e+07 0.046074
1.04185e+07 0.035038
1.06893e+07 0.039158
1.04207e+07 0.034897
1.04387e+07 0.034668
1.0739e+07 0.034331
1.02899e+07 0.031911
1.13046e+07 0.030207
1.05729e+07 0.031917
1.05376e+07 0.032168
1.07092e+07 0.032688
1.04744e+07 0.035644
1.0533e+07 0.036363
1.07247e+07 0.036187
1.05369e+07 0.030531
1.10782e+07 0.034676
1.08395e+07 0.037945
1.05145e+07 0.039059
1.0569e+07 0.035152
1.07837e+07 0.034055
1.05436e+07 0.030715
1.0541e+07 0.038734
1.0557e+07 0.031681
1.06079e+07 0.032333
1.05504e+07 0.033281
1.08794e+07 0.027636
1.04687e+07 0.034661
1.04439e+07 0.042716
1.02693e+07 0.030516
1.02446e+07 0.028898
1.08026e+07 0.035585
1.08717e+07 0.042255
1.06794e+07 0.029535
1.04018e+07 0.05197
1.10857e+07 0.035928
1.05244e+07 0.04027
1.06108e+07 0.031629
1.04653e+07 0.033514
1.05079e+07 0.031613
1.0633e+07 0.031907
1.03139e+07 0.031404
1.04447e+07 0.029624
1.0555e+07 0.035094
1.05272e+07 0.036315
1.10527e+07 0.036778
1.11093e+07 0.040262
1.03358e+07 0.035256
1.04565e+07 0.040909
1.05283e+07 0.030467
1.06423e+07 0.037619
1.0736e+07 0.028759
1.13248e+07 0.028499
1.051e+07 0.034478
1.05487e+07 0.035923
1.10763e+07 0.030426
1.05617e+07 0.03543
1.04926e+07 0.032957
1.03587e+07 0.032531
1.08263e+07 0.033594
1.04814e+07 0.035621
1.05651e+07 0.031263
1.04737e+07 0.033481
1.06703e+07 0.033377
1.07739e+07 0.033961
1.07385e+07 0.033406
1.03882e+07 0.032207
1.06879e+07 0.028871
1.06914e+07 0.032431
1.05911e+07 0.033282
1.05322e+07 0.031509
1.05086e+07 0.027667
1.0438e+07 0.029369
1.11186e+07 0.0435
1.04844e+07 0.029856
1.06143e+07 0.029523
1.05245e+07 0.031162
1.04357e+07 0.031805
1.05473e+07 0.038374
1.02693e+07 0.031373
1.07754e+07 0.030737
1.0768e+07 0.036914
1.06522e+07 0.045501
1.0488e+07 0.030655
1.06226e+07 0.028285
1.07765e+07 0.032479
1.05353e+07 0.03036
1.12827e+07 0.026962
1.06524e+07 0.040233
1.05164e+07 0.038721
1.08765e+07 0.034003
1.07599e+07 0.036517
1.06635e+07 0.033477
1.06984e+07 0.033617
1.04505e+07 0.029639
1.04828e+07 0.028118
1.04398e+07 0.032966
1.07354e+07 0.040861
1.03435e+07 0.034463
1.0528e+07 0.044219
1.05687e+07 0.03119
1.08931e+07 0.030652
1.05614e+07 0.033419
1.09753e+07 0.038374
1.04619e+07 0.037232
1.07544e+07 0.02592
1.05585e+07 0.032458
1.0505e+07 0.03447
1.07157e+07 0.026375
1.07668e+07 0.044194
1.07448e+07 0.033964
1.04787e+07 0.037537
1.06146e+07 0.029667
1.04457e+07 0.031339
1.05753e+07 0.044556
1.06485e+07 0.036298
1.04736e+07 0.03877
1.06827e+07 0.047512
1.10335e+07 0.026448
1.0524e+07 0.035458
1.06928e+07 0.037128
1.04944e+07 0.03672
1.04067e+07 0.037398
1.06956e+07 0.036619
1.06188e+07 0.034995
1.0943e+07 0.035488
1.09408e+07 0.032415
1.0593e+07 0.039983
1.07071e+07 0.037916
1.04923e+07 0.029025
1.07566e+07 0.036824
1.08026e+07 0.037449
1.0487e+07 0.036751
1.05426e+07 0.031321
1.06012e+07 0.033307
1.0489e+07 0.044765
1.02035e+07 0.045982
1.08636e+07 0.032587
1.07059e+07 0.053099
1.04263e+07 0.037269
1.10675e+07 0.035824
1.05915e+07 0.032651
1.07379e+07 0.036652
1.08788e+07 0.038121
1.03638e+07 0.033031
1.09806e+07 0.030472
1.05329e+07 0.031611
1.05192e+07 0.048693
1.06682e+07 0.031914
1.04156e+07 0.035925
1.0684e+07 0.044066
1.09685e+07 0.034771
1.07086e+07 0.033145
1.06194e+07 0.034247
1.11082e+07 0.034046
1.07329e+07 0.032634
1.04007e+07 0.041213
1.0741e+07 0.037645
1.0389e+07 0.032244
1.04498e+07 0.035284
1.06808e+07 0.032895
1.04807e+07 0.033959
1.05266e+07 0.033317
1.05909e+07 0.047209
1.03997e+07 0.030058
1.09189e+07 0.033399
1.03791e+07 0.035433
1.07149e+07 0.037147
1.06015e+07 0.037359
1.03413e+07 0.039193
1.05422e+07 0.035359
1.0505e+07 0.033942
1.05634e+07 0.038783
1.08385e+07 0.030032
1.0562e+07 0.033964
1.06887e+07 0.044108
1.08562e+07 0.031187
1.10921e+07 0.032633
1.05404e+07 0.031635
1.0984e+07 0.030524
1.06274e+07 0.029595
1.05275e+07 0.04316
1.11254e+07 0.027835
1.09453e+07 0.033068
1.04707e+07 0.032063
1.10986e+07 0.051272
1.03725e+07 0.042842
1.04696e+07 0.035717
1.09865e+07 0.035151
