1.07728e+07 0.012131
1.06942e+07 0.011621
1.04553e+07 0.010568
1.10807e+07 0.01477
1.06449e+07 0.013583
1.09725e+07 0.009968
1.08909e+07 0.011842
1.10795e+07 0.016628
1.06825e+07 0.019603
1.07908e+07 0.013834
1.08484e+07 0.015874
1.11237e+07 0.016529
1.08381e+07 0.012054
1.06278e+07 0.008393
1.06487e+07 0.016784
1.07197e+07 0.015423
1.06045e+07 0.023506
1.12077e+07 0.011256
1.08305e+07 0.009027
1.07845e+07 0.007551
1.06687e+07 0.019639
1.07601e+07 0.012459
1.10923e+07 0.017845
1.08943e+07 0.011167
1.05383e+07 0.021152
1.06497e+07 0.014116
1.05504e+07 0.010248
1.08705e+07 0.010192
1.11121e+07 0.010107
1.075e+07 0.008951
1.11298e+07 0.013372
1.09183e+07 0.01421
1.10078e+07 0.01612
1.07363e+07 0.007874
1.0507e+07 0.013272
1.0719e+07 0.013829
1.0778e+07 0.010566
1.06168e+07 0.015095
1.0971e+07 0.028036
1.10116e+07 0.008854
1.06244e+07 0.008813
1.06777e+07 0.009913
1.04614e+07 0.016479
1.09107e+07 0.0163
1.06504e+07 0.010709
1.08499e+07 0.011811
1.0596e+07 0.012374
1.07522e+07 0.014139
1.12019e+07 0.009597
1.06812e+07 0.009532
1.05137e+07 0.008656
1.05909e+07 0.008597
1.08141e+07 0.015864
1.03544e+07 0.010942
1.08136e+07 0.014873
1.07801e+07 0.021022
1.09291e+07 0.013649
1.06274e+07 0.014093
1.13131e+07 0.020757
1.07185e+07 0.009512
1.12757e+07 0.014268
1.0739e+07 0.008907
1.06205e+07 0.013946
1.10764e+07 0.013062
1.06719e+07 0.01436
1.06452e+07 0.016871
1.07368e+07 0.012786
1.07452e+07 0.020019
1.05042e+07 0.013349
1.11009e+07 0.009399
1.09007e+07 0.009402
1.05095e+07 0.012962
1.08259e+07 0.015123
1.05871e+07 0.009619
1.08659e+07 0.022039
1.0674e+07 0.008242
1.03299e+07 0.007724
1.07507e+07 0.010015
1.09618e+07 0.009133
1.08758e+07 0.009125
1.05075e+07 0.009637
1.04962e+07 0.010648
1.11465e+07 0.009948
1.07335e+07 0.007977
1.07452e+07 0.019704
1.05365e+07 0.007724
1.07151e+07 0.009923
1.06249e+07 0.013991
1.0451e+07 0.018717
1.05076e+07 0.009555
1.08995e+07 0.018164
1.05968e+07 0.008787
1.06985e+07 0.013146
1.08948e+07 0.013079
1.0665e+07 0.010914
1.04058e+07 0.015227
1.08343e+07 0.011295
1.0571e+07 0.012546
1.06965e+07 0.008949
1.08502e+07 0.010053
1.08431e+07 0.014389
1.04547e+07 0.007527
1.06144e+07 0.012514
1.06058e+07 0.013571
1.07822e+07 0.012756
1.09453e+07 0.010261
1.06804e+07 0.019032
1.10959e+07 0.009762
1.08975e+07 0.014623
1.06641e+07 0.009757
1.07767e+07 0.014217
1.07253e+07 0.009303
1.13208e+07 0.013527
1.05254e+07 0.014102
1.1028e+07 0.015536
1.05015e+07 0.009936
1.06943e+07 0.016784
1.07346e+07 0.013465
1.09082e+07 0.011688
1.07316e+07 0.014558
1.06502e+07 0.023378
1.05503e+07 0.012096
1.04928e+07 0.01195
1.05128e+07 0.008744
1.05291e+07 0.011419
1.06667e+07 0.0077
1.07015e+07 0.008795
1.06201e+07 0.02442
1.06711e+07 0.013092
1.09535e+07 0.017626
1.07577e+07 0.023148
1.06365e+07 0.009872
1.06787e+07 0.016329
1.08019e+07 0.00894
1.09515e+07 0.028116
1.0555e+07 0.015755
1.09968e+07 0.031386
1.09503e+07 0.008939
1.07547e+07 0.010453
1.06502e+07 0.007795
1.10849e+07 0.015945
1.06085e+07 0.025326
1.08715e+07 0.012858
1.05725e+07 0.011981
1.06473e+07 0.01068
1.05415e+07 0.023004
1.08804e+07 0.008544
1.10527e+07 0.01091
1.07248e+07 0.01064
1.04639e+07 0.012954
1.09726e+07 0.024168
1.07704e+07 0.007621
1.08089e+07 0.017193
1.07002e+07 0.015607
1.09985e+07 0.017164
1.07128e+07 0.01364
1.07659e+07 0.00691
1.0911e+07 0.009622
1.06192e+07 0.012484
1.09433e+07 0.016616
1.05778e+07 0.010692
1.06234e+07 0.011895
1.07613e+07 0.012031
1.08173e+07 0.011113
1.08156e+07 0.018064
1.06674e+07 0.013108
1.08645e+07 0.008855
1.07052e+07 0.010647
1.09939e+07 0.007069
1.0674e+07 0.013019
1.05592e+07 0.014786
1.07432e+07 0.012795
1.06555e+07 0.017376
1.07563e+07 0.017551
1.06808e+07 0.007611
1.08403e+07 0.009158
1.05108e+07 0.014165
1.09528e+07 0.012106
1.10321e+07 0.017817
1.06402e+07 0.012254
1.07963e+07 0.016399
1.05627e+07 0.014919
1.06216e+07 0.008926
1.10947e+07 0.012482
1.0664e+07 0.014564
1.06687e+07 0.021765
1.05377e+07 0.008473
1.07207e+07 0.022217
1.10159e+07 0.017357
1.06612e+07 0.015224
1.07054e+07 0.015085
1.05944e+07 0.015688
1.09151e+07 0.018197
1.10162e+07 0.009984
1.05828e+07 0.010945
1.04558e+07 0.010516
1.06026e+07 0.021595
1.08303e+07 0.012342
1.06839e+07 0.009942
1.06725e+07 0.009183
1.07834e+07 0.011116
1.09672e+07 0.009596
1.06e+07 0.016798
1.07658e+07 0.00847
1.07118e+07 0.014545
1.07807e+07 0.016007
1.10828e+07 0.010319
1.05862e+07 0.010528
1.05142e+07 0.011131
1.09676e+07 0.018845
1.06592e+07 0.011723
1.09957e+07 0.009291
1.06472e+07 0.018865
1.08376e+07 0.008892
1.05369e+07 0.018482
1.05829e+07 0.017229
1.06832e+07 0.009835
1.07413e+07 0.012436
1.05947e+07 0.019196
1.08035e+07 0.012982
1.05964e+07 0.007793
1.08786e+07 0.009255
1.07906e+07 0.009012
1.08943e+07 0.00966
1.0622e+07 0.008699
1.0948e+07 0.018071
1.08962e+07 0.009291
1.08207e+07 0.008513
1.07376e+07 0.01229
1.06697e+07 0.014298
1.06517e+07 0.00779
1.0554e+07 0.008841
1.07351e+07 0.015902
1.07209e+07 0.012641
1.06879e+07 0.017961
1.04194e+07 0.010879
1.07485e+07 0.011829
1.08999e+07 0.010378
1.09185e+07 0.013788
1.06894e+07 0.011978
1.03129e+07 0.011014
1.09032e+07 0.012493
1.08148e+07 0.01248
1.08716e+07 0.01091
1.05615e+07 0.011043
1.07406e+07 0.013009
1.09352e+07 0.015826
1.05286e+07 0.026215
1.0371e+07 0.014804
1.07068e+07 0.011493
1.08731e+07 0.010753
1.11255e+07 0.008326
1.1013e+07 0.015873
1.11872e+07 0.017358
1.11189e+07 0.013441
1.05421e+07 0.010477
1.09179e+07 0.007375
1.08131e+07 0.011842
1.08641e+07 0.012667
1.1114e+07 0.008185
1.05988e+07 0.016628
1.07659e+07 0.015511
1.05451e+07 0.016898
1.07814e+07 0.012535
1.08237e+07 0.023436
1.10715e+07 0.010354
1.114e+07 0.011841
1.10377e+07 0.01019
1.10153e+07 0.010224
1.10064e+07 0.009698
1.10177e+07 0.017928
1.07236e+07 0.010997
1.063e+07 0.012087
1.06362e+07 0.009683
1.07349e+07 0.009847
1.09542e+07 0.013641
1.09165e+07 0.012134
1.0644e+07 0.010107
1.07955e+07 0.009701
1.10403e+07 0.013047
1.08713e+07 0.010051
1.10691e+07 0.007317
1.05423e+07 0.00947
1.05758e+07 0.015631
1.05935e+07 0.010698
1.09343e+07 0.01733
1.10021e+07 0.015321
1.0742e+07 0.008291
1.09155e+07 0.012631
1.07934e+07 0.009331
1.07294e+07 0.010839
1.07653e+07 0.009254
1.11184e+07 0.008243
1.07929e+07 0.011981
1.05761e+07 0.011462
1.09971e+07 0.015585
1.07766e+07 0.017295
1.09548e+07 0.009627
1.04628e+07 0.011397
1.0869e+07 0.008047
1.08205e+07 0.008073
1.05908e+07 0.015931
1.06962e+07 0.015898
1.06018e+07 0.011619
1.08522e+07 0.034926
1.10599e+07 0.019631
1.07496e+07 0.014665
1.07028e+07 0.014285
1.08215e+07 0.018762
1.06513e+07 0.015614
1.04935e+07 0.01658
1.07163e+07 0.011389
1.10298e+07 0.018162
1.06647e+07 0.007393
1.06893e+07 0.019885
1.12319e+07 0.007162
1.09147e+07 0.020519
1.10269e+07 0.01469
1.12945e+07 0.010477
1.08807e+07 0.00835
1.0843e+07 0.009302
1.10305e+07 0.011315
1.11119e+07 0.007637
1.06457e+07 0.012655
1.05791e+07 0.014044
1.05144e+07 0.007168
1.06606e+07 0.009913
1.11878e+07 0.014445
1.08273e+07 0.012803
1.065e+07 0.012567
1.0586e+07 0.009822
1.07957e+07 0.011417
1.06313e+07 0.012561
1.0719e+07 0.0142
1.12401e+07 0.008689
1.06079e+07 0.011892
1.06312e+07 0.010078
1.11811e+07 0.015067
1.09635e+07 0.014229
1.07342e+07 0.026317
1.07593e+07 0.016931
1.11323e+07 0.014661
1.10552e+07 0.012402
1.09652e+07 0.010062
1.06802e+07 0.007883
1.07346e+07 0.012885
1.0639e+07 0.012757
1.056e+07 0.01601
1.06735e+07 0.007961
1.08123e+07 0.017115
1.05625e+07 0.012347
1.0593e+07 0.013126
1.09353e+07 0.009246
1.07848e+07 0.007026
1.0555e+07 0.01553
1.05272e+07 0.011868
1.0468e+07 0.014224
1.10272e+07 0.01973
1.06813e+07 0.009223
1.09783e+07 0.015898
1.07619e+07 0.008707
1.13035e+07 0.017202
1.07136e+07 0.012603
1.12427e+07 0.009165
1.051e+07 0.014088
1.05887e+07 0.009199
1.09162e+07 0.011726
1.09334e+07 0.012869
1.05157e+07 0.012718
1.05751e+07 0.016774
1.06238e+07 0.020598
1.0604e+07 0.018493
1.0594e+07 0.009638
1.07544e+07 0.010169
1.06703e+07 0.008558
1.0648e+07 0.013172
1.09012e+07 0.015786
1.06132e+07 0.011515
1.07614e+07 0.023013
1.09773e+07 0.010986
1.09555e+07 0.012352
1.07185e+07 0.013434
1.05086e+07 0.011407
1.06216e+07 0.011652
1.11905e+07 0.008199
1.07845e+07 0.007569
1.09359e+07 0.014667
1.09989e+07 0.011032
1.07887e+07 0.010944
1.06997e+07 0.014197
1.05831e+07 0.016227
1.07754e+07 0.015174
1.08696e+07 0.013956
1.10009e+07 0.013165
1.06534e+07 0.009801
1.06226e+07 0.008817
1.10336e+07 0.01017
1.05353e+07 0.010367
1.09166e+07 0.016721
1.09097e+07 0.016834
1.09185e+07 0.012866
1.08268e+07 0.015454
1.0922e+07 0.018119
1.06931e+07 0.009294
1.07577e+07 0.012074
1.08381e+07 0.009911
1.04777e+07 0.009948
1.06796e+07 0.012874
1.07354e+07 0.016517
1.07709e+07 0.011275
1.05856e+07 0.011068
1.06627e+07 0.01296
1.08423e+07 0.00912
1.05848e+07 0.011086
1.10166e+07 0.013884
1.05381e+07 0.016872
1.10062e+07 0.006257
1.0715e+07 0.010775
1.0547e+07 0.018076
1.07157e+07 0.012806
1.07086e+07 0.01951
1.07685e+07 0.015642
1.07547e+07 0.010732
1.11084e+07 0.011961
1.06334e+07 0.008034
1.11161e+07 0.012417
1.06981e+07 0.016687
1.07494e+07 0.020472
1.08675e+07 0.01411
1.07873e+07 0.010327
1.05578e+07 0.012857
1.06908e+07 0.017848
1.07601e+07 0.01218
1.0649e+07 0.020526
1.08045e+07 0.010276
1.08284e+07 0.010079
1.09493e+07 0.01398
1.06401e+07 0.011242
1.058e+07 0.013813
1.07093e+07 0.021986
1.06679e+07 0.009967
1.0793e+07 0.010296
1.07106e+07 0.013941
1.06105e+07 0.018204
1.05426e+07 0.013293
1.09202e+07 0.017178
1.05358e+07 0.024534
1.0585e+07 0.020188
1.09283e+07 0.011985
1.07329e+07 0.039599
1.06467e+07 0.02344
1.10716e+07 0.013883
1.08782e+07 0.012865
1.07968e+07 0.009714
1.10486e+07 0.008719
1.05444e+07 0.011155
1.05591e+07 0.010946
1.05331e+07 0.009675
1.10633e+07 0.025904
1.08251e+07 0.007109
1.11597e+07 0.016611
1.0747e+07 0.011351
1.10281e+07 0.011411
1.05766e+07 0.014922
1.08992e+07 0.01924
1.11854e+07 0.013678
1.06372e+07 0.011084
1.04418e+07 0.015269
1.10903e+07 0.016325
1.0743e+07 0.016439
1.09865e+07 0.012632
1.06808e+07 0.011536
1.05774e+07 0.01349
1.05054e+07 0.013096
1.067e+07 0.031952
1.07592e+07 0.012946
1.08837e+07 0.017053
1.06934e+07 0.01051
1.07149e+07 0.011391
1.07381e+07 0.011728
1.09552e+07 0.01205
1.05645e+07 0.013403
1.07333e+07 0.018019
1.05946e+07 0.007215
1.10051e+07 0.009784
1.06233e+07 0.011279
1.07398e+07 0.010396
1.09287e+07 0.009675
1.0876e+07 0.010564
1.05404e+07 0.011499
1.0984e+07 0.007373
1.06891e+07 0.011405
1.07176e+07 0.021571
1.01911e+07 0.011493
1.05336e+07 0.009514
1.07614e+07 0.007557
1.10986e+07 0.01741
1.06778e+07 0.021922
1.10395e+07 0.01472
1.10721e+07 0.013313
