1.12322e+07 0.023249
1.07829e+07 0.009576
1.05794e+07 0.021828
1.10101e+07 0.032016
1.07566e+07 0.031787
1.07101e+07 0.011884
1.07394e+07 0.011918
1.07469e+07 0.015541
1.08293e+07 0.015234
1.07288e+07 0.021301
1.04943e+07 0.031227
1.0835e+07 0.02008
1.0579e+07 0.019674
1.08724e+07 0.016934
1.06467e+07 0.011974
1.09408e+07 0.016361
1.11234e+07 0.031578
1.08068e+07 0.021368
1.09119e+07 0.019823
1.0801e+07 0.009332
1.06056e+07 0.012484
1.0884e+07 0.013922
1.11212e+07 0.018148
1.04552e+07 0.018293
1.10696e+07 0.013339
1.05835e+07 0.011255
1.08368e+07 0.010926
1.08416e+07 0.011016
1.04378e+07 0.016535
1.07594e+07 0.016144
1.08142e+07 0.010104
1.09514e+07 0.009915
1.04601e+07 0.012129
1.07503e+07 0.011477
1.09539e+07 0.009527
1.06808e+07 0.023146
1.08982e+07 0.030754
1.07692e+07 0.007642
1.07636e+07 0.028065
1.07727e+07 0.019642
1.07594e+07 0.011314
1.06775e+07 0.011581
1.05684e+07 0.010254
1.09853e+07 0.011418
1.09037e+07 0.009045
1.05758e+07 0.009555
1.10242e+07 0.014701
1.05842e+07 0.018537
1.12368e+07 0.007009
1.08349e+07 0.019532
1.09171e+07 0.019133
1.05319e+07 0.012896
1.05451e+07 0.014247
1.11976e+07 0.015099
1.07168e+07 0.016623
1.08745e+07 0.051251
1.08648e+07 0.025985
1.05457e+07 0.009167
1.11281e+07 0.019527
1.09091e+07 0.01018
1.0838e+07 0.009706
1.06352e+07 0.012344
1.04688e+07 0.014745
1.07658e+07 0.01048
1.05276e+07 0.013099
1.10847e+07 0.015118
1.10434e+07 0.021337
1.06267e+07 0.01088
1.06045e+07 0.012767
1.07789e+07 0.015649
1.04527e+07 0.00989
1.1129e+07 0.011879
1.08704e+07 0.013707
1.11279e+07 0.016909
1.07373e+07 0.012131
1.07431e+07 0.014749
1.09437e+07 0.013088
1.09437e+07 0.015825
1.08808e+07 0.016271
1.06329e+07 0.018786
1.05472e+07 0.016046
1.05525e+07 0.015828
1.05991e+07 0.018397
1.04689e+07 0.01804
1.07616e+07 0.022389
1.05249e+07 0.013726
1.06261e+07 0.014514
1.08128e+07 0.014272
1.0477e+07 0.018159
1.07059e+07 0.012699
1.08595e+07 0.036319
1.11161e+07 0.016022
1.04919e+07 0.014566
1.08528e+07 0.013281
1.05692e+07 0.012064
1.05278e+07 0.016498
1.08412e+07 0.017856
1.07563e+07 0.013228
1.07343e+07 0.018759
1.09761e+07 0.019957
1.07195e+07 0.013867
1.05847e+07 0.010814
1.05707e+07 0.013496
1.0669e+07 0.015632
1.07698e+07 0.020958
1.07316e+07 0.011249
1.04431e+07 0.012072
1.05724e+07 0.011839
1.05064e+07 0.012694
1.09546e+07 0.01024
1.04107e+07 0.012879
1.07623e+07 0.018468
1.05346e+07 0.0142
1.07037e+07 0.024351
1.08325e+07 0.009454
1.04759e+07 0.013122
1.1041e+07 0.010408
1.05325e+07 0.01734
1.06112e+07 0.020656
1.08361e+07 0.010752
1.04201e+07 0.022429
1.06578e+07 0.011853
1.05346e+07 0.015003
1.05298e+07 0.014364
1.07452e+07 0.010386
1.05154e+07 0.010992
1.09509e+07 0.012078
1.10359e+07 0.037107
1.10091e+07 0.009854
1.02475e+07 0.013221
1.08991e+07 0.017987
1.11808e+07 0.018816
1.05639e+07 0.010923
1.02775e+07 0.008751
1.06043e+07 0.009462
1.05621e+07 0.01358
1.09038e+07 0.02518
1.09172e+07 0.024459
1.05245e+07 0.013049
1.06885e+07 0.01325
1.05985e+07 0.010726
1.06846e+07 0.009172
1.11346e+07 0.018958
1.07255e+07 0.015239
1.06997e+07 0.016567
1.07497e+07 0.010353
1.04355e+07 0.010398
1.05936e+07 0.013812
1.07759e+07 0.016937
1.07426e+07 0.010331
1.10472e+07 0.015501
1.08176e+07 0.016919
1.06764e+07 0.009149
1.04868e+07 0.020286
1.09942e+07 0.015845
1.0588e+07 0.015578
1.05183e+07 0.009405
1.07675e+07 0.011678
1.09341e+07 0.007517
1.10271e+07 0.02219
1.07381e+07 0.007914
1.07357e+07 0.008789
1.05245e+07 0.013425
1.0669e+07 0.020561
1.0638e+07 0.021381
1.0664e+07 0.015898
1.05719e+07 0.017226
1.09542e+07 0.015951
1.09536e+07 0.016102
1.0672e+07 0.01447
1.05148e+07 0.012412
1.05868e+07 0.019175
1.08794e+07 0.015947
1.09202e+07 0.022706
1.07377e+07 0.025343
1.06869e+07 0.012514
1.10933e+07 0.016629
1.05603e+07 0.014338
1.05138e+07 0.012459
1.08309e+07 0.011898
1.12477e+07 0.021174
1.05547e+07 0.0195
1.08521e+07 0.015895
1.10184e+07 0.016233
1.08323e+07 0.012138
1.06276e+07 0.018511
1.05659e+07 0.016741
1.06321e+07 0.010103
1.06828e+07 0.010267
1.06398e+07 0.013756
1.06871e+07 0.013717
1.09244e+07 0.015659
1.09385e+07 0.020901
1.08042e+07 0.01251
1.08686e+07 0.019744
1.06662e+07 0.012688
1.07751e+07 0.01896
1.09144e+07 0.008664
1.06805e+07 0.014591
1.02798e+07 0.016491
1.08127e+07 0.018787
1.08455e+07 0.011369
1.07245e+07 0.013691
1.08453e+07 0.013026
1.08817e+07 0.010312
1.05282e+07 0.008571
1.07227e+07 0.012762
1.06893e+07 0.011583
1.06021e+07 0.015299
1.05978e+07 0.015368
1.07461e+07 0.009064
1.11352e+07 0.012461
1.06215e+07 0.011314
1.05707e+07 0.012886
1.07116e+07 0.010499
1.09072e+07 0.016323
1.06041e+07 0.011553
1.11296e+07 0.008459
1.08019e+07 0.023032
1.07531e+07 0.013554
1.05473e+07 0.010961
1.09349e+07 0.021657
1.10653e+07 0.013313
1.09205e+07 0.009733
1.04906e+07 0.008715
1.078e+07 0.010248
1.08448e+07 0.015744
1.05908e+07 0.007721
1.11015e+07 0.01071
1.07698e+07 0.009382
1.06768e+07 0.009633
1.12062e+07 0.015675
1.07076e+07 0.017077
1.07941e+07 0.008827
1.07674e+07 0.010055
1.05749e+07 0.00695
1.07385e+07 0.014401
1.09045e+07 0.011373
1.06083e+07 0.011974
1.10784e+07 0.01622
1.06103e+07 0.010408
1.07256e+07 0.009169
1.11401e+07 0.012615
1.08933e+07 0.0084
1.07313e+07 0.009834
1.07298e+07 0.015721
1.12572e+07 0.008614
1.10403e+07 0.021753
1.06127e+07 0.01334
1.07044e+07 0.011353
1.08504e+07 0.01775
1.06768e+07 0.019759
1.05306e+07 0.012993
1.08008e+07 0.008891
1.08725e+07 0.008643
1.08175e+07 0.029055
1.09269e+07 0.007685
1.04534e+07 0.014829
1.11442e+07 0.009726
1.10494e+07 0.026804
1.08443e+07 0.011668
1.0436e+07 0.034024
1.07023e+07 0.018218
1.09119e+07 0.023432
1.06499e+07 0.02512
1.09289e+07 0.016136
1.05457e+07 0.008412
1.10122e+07 0.017004
1.09921e+07 0.009536
1.07764e+07 0.010743
1.04216e+07 0.015253
1.12969e+07 0.010092
1.0695e+07 0.012177
1.10833e+07 0.011808
1.0621e+07 0.009512
1.1084e+07 0.008689
1.09505e+07 0.011626
1.0529e+07 0.019093
1.07281e+07 0.008963
1.06464e+07 0.008256
1.05449e+07 0.008444
1.06333e+07 0.01108
1.12329e+07 0.016215
1.11093e+07 0.023039
1.07592e+07 0.020182
1.07056e+07 0.008567
1.07094e+07 0.009391
1.10208e+07 0.017602
1.07804e+07 0.007765
1.05278e+07 0.010638
1.04578e+07 0.014955
1.07472e+07 0.012601
1.06664e+07 0.016805
1.09482e+07 0.011255
1.05166e+07 0.029596
1.08735e+07 0.010684
1.05871e+07 0.01508
1.04137e+07 0.00817
1.08511e+07 0.007864
1.07155e+07 0.01202
1.06718e+07 0.016707
1.05926e+07 0.016929
1.06223e+07 0.016434
1.0618e+07 0.014082
1.08153e+07 0.017511
1.10317e+07 0.022434
1.09408e+07 0.016317
1.07048e+07 0.0242
1.10394e+07 0.013801
1.05867e+07 0.020028
1.07551e+07 0.013129
1.0631e+07 0.018043
1.10341e+07 0.020753
1.06193e+07 0.013174
1.10081e+07 0.010507
1.05779e+07 0.01917
1.08867e+07 0.01685
1.12249e+07 0.018416
1.07248e+07 0.007026
1.07416e+07 0.02181
1.06322e+07 0.011331
1.1213e+07 0.010542
1.09611e+07 0.01342
1.10877e+07 0.007886
1.03732e+07 0.009359
1.04808e+07 0.012086
1.06534e+07 0.009542
1.08458e+07 0.01471
1.08825e+07 0.007954
1.07744e+07 0.019506
1.10402e+07 0.015408
1.11491e+07 0.013546
1.03849e+07 0.009395
1.05081e+07 0.009171
1.03418e+07 0.013768
1.05912e+07 0.025654
1.04885e+07 0.010939
1.11342e+07 0.011858
1.09157e+07 0.010428
1.08227e+07 0.0167
1.05743e+07 0.012235
1.054e+07 0.014859
1.07023e+07 0.010793
1.08538e+07 0.014918
1.04129e+07 0.012952
1.06296e+07 0.014241
1.06433e+07 0.017707
1.06004e+07 0.007007
1.07037e+07 0.024442
1.1252e+07 0.013505
1.06243e+07 0.011167
1.07811e+07 0.009745
1.10141e+07 0.029693
1.05792e+07 0.015917
1.09457e+07 0.020309
1.09876e+07 0.016847
1.08117e+07 0.007911
1.12375e+07 0.021871
1.10062e+07 0.021146
1.07839e+07 0.02085
1.1124e+07 0.013927
1.09208e+07 0.010207
1.0452e+07 0.015187
1.07462e+07 0.009846
1.06037e+07 0.00831
1.05104e+07 0.009635
1.10512e+07 0.01226
1.0817e+07 0.011411
1.07813e+07 0.0143
1.08436e+07 0.01739
1.07005e+07 0.017544
1.06596e+07 0.01274
1.09109e+07 0.00933
1.09127e+07 0.010765
1.06679e+07 0.016774
1.08354e+07 0.03755
1.03823e+07 0.017689
1.07845e+07 0.015688
1.08271e+07 0.018374
1.05838e+07 0.013159
1.07414e+07 0.010452
1.10396e+07 0.008807
1.06297e+07 0.016229
1.04092e+07 0.022615
1.08573e+07 0.030469
1.09297e+07 0.015449
1.06197e+07 0.010873
1.07064e+07 0.015371
1.10291e+07 0.007251
1.10776e+07 0.026289
1.07685e+07 0.009167
1.09588e+07 0.01253
1.05288e+07 0.011911
1.06333e+07 0.014859
1.08694e+07 0.021539
1.10963e+07 0.017926
1.06654e+07 0.011787
1.06785e+07 0.010344
1.09467e+07 0.009075
1.06473e+07 0.009171
1.07104e+07 0.018067
1.03922e+07 0.02595
1.10546e+07 0.022413
1.06608e+07 0.012805
1.05612e+07 0.013066
1.05177e+07 0.013581
1.06815e+07 0.018906
1.03304e+07 0.020407
1.06939e+07 0.027175
1.07424e+07 0.019412
1.10797e+07 0.017738
1.05348e+07 0.014567
1.10591e+07 0.015589
1.08308e+07 0.027225
1.0631e+07 0.0096
1.06433e+07 0.007988
1.06851e+07 0.008622
1.10105e+07 0.014867
1.0717e+07 0.017192
1.06649e+07 0.018806
1.07963e+07 0.011303
1.07817e+07 0.013784
1.07873e+07 0.016472
1.08573e+07 0.022207
1.04935e+07 0.011412
1.08403e+07 0.012163
1.09379e+07 0.010068
1.08813e+07 0.009182
1.0516e+07 0.024109
1.08287e+07 0.017804
1.07055e+07 0.019835
1.0794e+07 0.013618
1.07117e+07 0.009062
1.07382e+07 0.011759
1.0432e+07 0.009475
1.07296e+07 0.01402
1.07512e+07 0.014326
1.05363e+07 0.010241
1.07803e+07 0.013936
1.09186e+07 0.010743
1.08532e+07 0.015442
1.08176e+07 0.012944
1.07916e+07 0.019788
1.07823e+07 0.010898
1.0726e+07 0.015164
1.09484e+07 0.013074
1.07897e+07 0.025792
1.06402e+07 0.007919
1.11448e+07 0.026964
1.05876e+07 0.019866
1.09753e+07 0.015996
1.0454e+07 0.017289
1.04861e+07 0.020711
1.07176e+07 0.010181
1.09461e+07 0.026267
1.05217e+07 0.012449
1.06873e+07 0.013579
1.07241e+07 0.01028
1.07756e+07 0.013059
1.09121e+07 0.010982
1.05735e+07 0.022152
1.08303e+07 0.017791
1.06738e+07 0.016121
1.06775e+07 0.01184
1.04697e+07 0.01567
1.04968e+07 0.015158
1.04807e+07 0.016804
1.07539e+07 0.014597
1.0894e+07 0.018961
1.10328e+07 0.016312
1.05419e+07 0.019342
1.06048e+07 0.013327
1.04951e+07 0.011052
1.09205e+07 0.014709
1.07313e+07 0.011169
1.08159e+07 0.0124
1.11617e+07 0.019024
1.06778e+07 0.022383
1.10998e+07 0.007132
1.05028e+07 0.011871
1.07353e+07 0.025841
1.05608e+07 0.014321
1.07777e+07 0.016172
1.05202e+07 0.010318
1.06472e+07 0.009807
1.05205e+07 0.010773
1.05691e+07 0.034755
1.13183e+07 0.022326
1.09752e+07 0.010692
1.11728e+07 0.009204
1.05595e+07 0.01233
1.056e+07 0.021873
1.08888e+07 0.015965
1.09117e+07 0.012693
1.08242e+07 0.015505
1.0335e+07 0.009072
1.09774e+07 0.018074
1.0676e+07 0.020059
1.08529e+07 0.013783
1.13884e+07 0.024859
